X,Y,Z,Speed_kmh
2090.7053,-2092.0957,13.5364,0.0
2096.4216,-2086.0625,13.5394,110.0
2104.9746,-2086.3206,13.5365,110.0
2111.9189,-2092.3418,13.5350,110.0
2110.4871,-2103.1548,13.5345,110.0
2102.4717,-2107.7891,13.3202,110.0
2092.7061,-2109.4629,13.3258,110.0
2080.2612,-2108.9451,13.3558,110.0
2065.9651,-2108.2217,13.3762,110.0
2050.1025,-2106.4600,13.3069,110.0
2041.8400,-2106.1191,13.3349,300.0
2033.0123,-2106.1328,13.3787,300.0
2024.1047,-2106.4055,13.3923,300.0
2014.5806,-2106.4878,13.4053,300.0
2005.0026,-2106.2844,13.3707,300.0
1994.9724,-2106.1553,13.2996,300.0
1985.3490,-2107.3616,13.3225,300.0
1976.3195,-2110.3401,13.3607,300.0
1967.3248,-2114.8909,13.3763,300.0
1959.7920,-2120.2578,13.3740,300.0
1953.3676,-2127.2114,13.4698,300.0
1947.8025,-2135.4719,13.5441,300.0
1942.1071,-2143.7458,13.5563,300.0
1935.1134,-2151.4595,13.5448,300.0
1927.0656,-2157.6614,13.5356,300.0
1918.0759,-2162.3589,13.4994,300.0
1908.2834,-2166.1829,13.3694,300.0
1897.6863,-2168.3220,13.3732,300.0
1887.3369,-2169.2698,13.3739,300.0
1877.1449,-2169.1487,13.3738,300.0
1866.9957,-2168.8770,13.3744,300.0
1856.2343,-2168.6162,13.3744,300.0
1846.0802,-2168.3806,13.3745,300.0
1835.1501,-2168.1187,13.3744,300.0
1824.3804,-2167.8569,13.3745,300.0
1813.6008,-2167.5974,13.3745,300.0
1803.1638,-2167.3784,13.3744,300.0
1793.1310,-2167.3521,13.3744,300.0
1782.8202,-2167.3569,13.3745,300.0
1772.0707,-2167.3591,13.3744,300.0
1761.8357,-2167.3591,13.3745,300.0
1751.5487,-2167.2368,13.3745,300.0
1740.8636,-2167.0396,13.4213,300.0
1730.5077,-2166.8452,13.7750,300.0
1719.8152,-2166.6465,14.2127,300.0
1709.0588,-2166.4436,15.0194,300.0
1698.8577,-2166.2339,15.8394,300.0
1688.2040,-2165.9783,16.9308,300.0
1678.0728,-2165.0896,18.0027,300.0
1667.3503,-2163.8696,19.2398,300.0
1656.7548,-2162.5862,20.5462,300.0
1646.6813,-2160.5735,21.8713,300.0
1636.3102,-2158.1404,23.3037,300.0
1626.5833,-2154.8699,24.6990,300.0
1616.9329,-2150.5867,26.1364,300.0
1607.4126,-2145.7012,27.5748,300.0
1598.3690,-2140.1392,28.9104,300.0
1589.7828,-2134.3643,30.1725,300.0
1581.9075,-2127.7957,31.2301,300.0
1574.1759,-2120.6465,32.2663,300.0
1567.3101,-2112.9233,32.9820,300.0
1560.5385,-2104.6438,33.6573,300.0
1554.4271,-2096.4814,33.8846,300.0
1549.1707,-2087.1533,34.0547,300.0
1544.9727,-2077.6912,33.7265,300.0
1540.9332,-2067.6929,33.3111,300.0
1537.2926,-2057.5686,32.5109,300.0
1534.3445,-2047.7941,31.6489,300.0
1532.6747,-2037.4174,30.5494,300.0
1531.8229,-2027.0037,29.3474,300.0
1531.0168,-2016.7328,28.0577,300.0
1530.1606,-2005.8398,26.5704,300.0
1530.0192,-1995.2736,25.0469,300.0
1530.1390,-1984.0834,23.4454,300.0
1530.2515,-1972.7391,22.0844,300.0
1530.3110,-1961.5045,20.7949,300.0
1530.3376,-1950.3580,19.2909,300.0
1530.3037,-1939.7898,17.8712,300.0
1530.2568,-1927.7751,16.3384,300.0
1530.2129,-1916.4705,14.9970,300.0
1530.1700,-1905.2487,14.2127,300.0
1530.1335,-1895.7091,13.8825,110.0
1528.0891,-1881.9700,13.3790,110.0
1519.9183,-1873.2476,13.3711,110.0
1507.4508,-1870.6721,13.3724,110.0
1493.6772,-1870.8286,13.3760,110.0
1477.5856,-1870.9258,13.3760,110.0
1468.9402,-1870.9933,13.3758,110.0
1460.4855,-1871.0565,13.3758,300.0
1451.1848,-1871.1237,13.3758,300.0
1441.5304,-1871.1941,13.3758,300.0
1431.6740,-1871.2668,13.3758,300.0
1421.9454,-1871.3385,13.3758,300.0
1411.4952,-1871.4150,13.3765,300.0
1400.8312,-1871.4930,13.3753,300.0
1390.4105,-1871.5685,13.3748,300.0
1379.7745,-1871.0410,13.3740,300.0
1369.2596,-1868.7438,13.3715,300.0
1359.5643,-1865.2539,13.3733,300.0
1349.5625,-1861.6578,13.3729,300.0
1340.5029,-1858.6135,13.3725,300.0
1332.1606,-1854.5138,13.3713,300.0
1324.4423,-1848.5161,13.3736,300.0
1318.8496,-1841.2181,13.5078,300.0
1314.6392,-1832.3876,13.3949,300.0
1312.2468,-1823.5494,13.3705,300.0
1311.8086,-1814.0887,13.3729,300.0
1312.4705,-1804.9762,13.3741,300.0
1312.7073,-1795.3119,13.3741,300.0
1312.7749,-1785.6791,13.3747,300.0
1312.8473,-1775.9727,13.3748,300.0
1312.9452,-1766.3207,13.3749,300.0
1313.0427,-1756.6422,13.3756,300.0
1313.1416,-1746.0168,13.3758,300.0
1313.2413,-1735.2655,13.3752,300.0
1313.2394,-1724.7371,13.3745,300.0
1313.0889,-1714.2690,13.3751,300.0
1312.9738,-1704.0349,13.3746,300.0
1312.9502,-1693.1918,13.3745,300.0
1312.9381,-1682.4493,13.3745,300.0
1312.9200,-1671.6820,13.3745,300.0
1312.9008,-1661.0038,13.3745,300.0
1312.8829,-1650.5345,13.3744,300.0
1312.8654,-1639.7803,13.3745,300.0
1312.8479,-1629.6123,13.3745,300.0
1312.8284,-1618.2490,13.3745,300.0
1312.8110,-1607.8083,13.3744,300.0
1312.7931,-1597.1794,13.3745,300.0
1312.7747,-1586.1780,13.3744,300.0
1312.7574,-1576.0985,13.3745,300.0
1313.2668,-1565.8849,13.3740,300.0
1314.8091,-1555.1869,13.3736,300.0
1316.5869,-1544.6034,13.3745,300.0
1319.5562,-1534.4036,13.3733,300.0
1324.1179,-1525.0525,13.3715,300.0
1329.2849,-1516.1686,13.3742,300.0
1334.6022,-1507.0184,13.3742,300.0
1339.2678,-1498.1000,13.3741,300.0
1343.6958,-1488.8345,13.3743,300.0
1347.9222,-1479.4044,13.3744,300.0
1350.9275,-1469.7833,13.3731,300.0
1353.5190,-1459.2821,13.3741,300.0
1354.7791,-1448.5822,13.3733,300.0
1355.0482,-1437.9963,13.3739,300.0
1355.4371,-1427.4625,13.3743,300.0
1356.0198,-1416.7606,13.3737,300.0
1356.5687,-1406.4802,13.3054,300.0
1356.6558,-1396.2428,13.3128,300.0
1356.6021,-1385.5161,13.5025,300.0
1356.5474,-1374.7175,13.4570,300.0
1356.5142,-1363.8455,13.3858,300.0
1356.5208,-1353.6246,13.3715,300.0
1356.6207,-1343.4186,13.3744,300.0
1356.7386,-1332.6010,13.3744,300.0
1356.8545,-1321.8063,13.3744,300.0
1356.9651,-1311.3303,13.3563,300.0
1357.0769,-1300.8344,13.2623,300.0
1357.2092,-1289.9557,13.2152,300.0
1357.3380,-1279.2700,13.3232,300.0
1357.4297,-1269.0009,13.3821,300.0
1357.5264,-1258.7185,13.3749,300.0
1357.6522,-1248.0055,13.3753,300.0
1357.7729,-1237.7543,13.3796,300.0
1357.8948,-1226.9399,13.7401,300.0
1358.0115,-1216.8839,15.6303,300.0
1358.1267,-1207.0284,17.4488,300.0
1358.2501,-1196.4807,19.4290,300.0
1358.3877,-1186.0876,21.3254,300.0
1358.5184,-1175.7540,23.1862,300.0
1358.6343,-1165.8076,24.3654,300.0
1358.7544,-1155.5078,23.7324,300.0
1358.8468,-1145.1542,23.6292,300.0
1358.9565,-1135.1550,23.6482,300.0
1359.4620,-1124.3319,23.6718,300.0
1360.4384,-1114.1257,23.7164,300.0
1361.5004,-1103.4200,23.8501,300.0
1362.5377,-1092.6996,24.1488,300.0
1363.5194,-1082.4885,24.7267,300.0
1364.4878,-1072.4436,25.6951,300.0
1365.5264,-1061.8203,26.5163,300.0
1366.5792,-1051.0641,26.6198,300.0
1367.5604,-1040.7960,26.1876,300.0
1368.5693,-1030.1799,26.2007,300.0
1369.6208,-1019.3571,26.6308,300.0
1370.7098,-1008.6089,27.0332,300.0
1371.9568,-998.0768,28.3418,300.0
1373.1548,-988.0135,30.0067,300.0
1374.3647,-977.7956,31.9931,300.0
1375.4388,-968.7847,33.4378,110.0
1376.2272,-953.7346,34.1963,110.0
1373.2850,-941.4282,34.1723,110.0
1366.2605,-935.3123,34.1738,110.0
1357.9282,-934.7625,34.1798,110.0
1347.4497,-933.5034,34.8629,110.0
1334.9678,-931.8984,35.9319,110.0
1321.7175,-931.2224,37.3615,110.0
1307.1128,-930.5295,38.9103,110.0
1291.4689,-930.8776,40.7075,110.0
1275.2513,-931.9629,42.0987,110.0
1267.2150,-932.5338,42.3126,110.0
1258.5894,-933.1503,42.5658,300.0
1250.0481,-933.9587,42.5654,300.0
1241.2324,-935.0947,42.5196,300.0
1231.7106,-936.3645,42.5153,300.0
1222.1151,-937.8077,42.6110,300.0
1212.3691,-939.5901,42.6983,300.0
1202.5250,-941.2378,42.7333,300.0
1191.8878,-942.6531,42.7469,300.0
1181.3417,-944.0068,42.7577,300.0
1170.9510,-945.3953,42.8287,300.0
1160.7668,-946.7516,43.0344,300.0
1150.0968,-948.0795,42.7610,300.0
1139.6664,-949.4508,42.6033,300.0
1129.2177,-950.2485,42.5896,300.0
1119.0189,-950.8015,42.5989,300.0
1108.7881,-951.3608,42.5989,300.0
1098.2769,-951.9929,42.5683,300.0
1087.8003,-952.5974,42.5676,300.0
1077.0505,-953.1599,42.5876,300.0
1066.2191,-953.7750,42.6447,300.0
1055.9973,-954.4092,42.6785,300.0
1045.2059,-955.2163,42.6230,300.0
1034.9808,-956.0388,42.4928,300.0
1024.2822,-956.9402,42.3085,300.0
1014.0339,-957.7963,42.0013,300.0
1003.9101,-958.6312,41.4436,300.0
993.2054,-959.5848,40.8369,300.0
982.9884,-960.4576,39.9183,300.0
972.2912,-961.2986,39.4906,300.0
961.8873,-962.1519,39.0765,300.0
952.1890,-963.0785,38.9461,300.0
943.1622,-963.7930,38.7304,300.0
934.5018,-964.3390,38.2753,110.0
920.3552,-965.6633,38.2372,110.0
907.4506,-966.7482,38.1495,110.0
896.0871,-968.5083,37.4758,110.0
884.8474,-973.4482,36.7550,110.0
875.2015,-981.6374,35.9213,110.0
870.5911,-991.2249,34.9546,110.0
871.1901,-999.5965,34.5289,110.0
879.5909,-1004.1898,35.0343,110.0
887.7785,-998.8698,36.0213,110.0
895.4404,-993.0664,36.9377,110.0
905.5820,-986.8640,37.5472,110.0
917.5167,-982.0323,38.0808,110.0
932.0836,-978.2524,38.2586,110.0
947.4693,-974.7250,38.5502,110.0
955.8992,-973.1503,38.7613,300.0
964.8297,-971.5217,39.0043,300.0
973.9738,-969.8478,39.3254,300.0
982.9014,-968.3871,39.6226,300.0
992.4698,-967.0946,40.4392,300.0
1002.1606,-965.8266,41.3587,300.0
1012.0834,-964.4042,41.8252,300.0
1022.3214,-962.8616,42.2935,300.0
1032.6514,-961.3066,42.4399,300.0
1043.2903,-959.7127,42.5926,300.0
1053.5913,-958.1685,42.5876,300.0
1064.2089,-956.5746,42.5857,300.0
1074.4723,-955.0363,42.5852,300.0
1084.9222,-953.4875,42.5516,300.0
1095.5848,-952.0834,42.5708,300.0
1105.7413,-950.9644,42.5940,300.0
1116.5389,-949.7839,42.6136,300.0
1126.7323,-948.6779,42.6020,300.0
1136.8708,-947.5942,42.5978,300.0
1147.0417,-946.5070,42.7129,300.0
1157.5160,-945.3736,42.8906,300.0
1168.0259,-944.2095,42.9510,300.0
1178.7258,-943.1227,42.7593,300.0
1188.8286,-941.9947,42.7455,300.0
1199.5822,-940.0974,42.7364,300.0
1210.0978,-938.1038,42.7168,300.0
1220.1478,-936.2175,42.6260,300.0
1230.6951,-934.2453,42.5307,300.0
1240.9984,-932.3144,42.5093,300.0
1250.8516,-930.5262,42.5648,300.0
1261.5830,-928.7766,42.5399,300.0
1271.7759,-927.8144,42.1609,300.0
1282.5742,-926.9999,41.8016,300.0
1293.2582,-926.2310,40.4944,300.0
1303.9552,-925.4803,39.1412,300.0
1314.4563,-924.9261,38.0815,300.0
1324.5427,-925.4601,37.0899,300.0
1333.3931,-926.5293,36.0656,300.0
1341.3163,-929.0563,35.2873,110.0
1352.2646,-938.6129,34.3981,110.0
1359.7498,-950.6415,34.1767,110.0
1361.4146,-964.1960,33.5948,110.0
1360.3170,-979.3860,31.0698,110.0
1359.4847,-987.6061,29.5587,300.0
1358.4353,-996.8456,28.1885,300.0
1357.0652,-1006.3431,27.1351,300.0
1356.1737,-1015.9088,26.5645,300.0
1355.4528,-1026.0260,26.4542,300.0
1354.7024,-1036.7301,26.0977,300.0
1353.7532,-1046.9260,26.4507,300.0
1352.6475,-1057.6442,26.6579,300.0
1351.5251,-1068.3910,25.9053,300.0
1350.2061,-1078.7181,24.8129,300.0
1348.8514,-1088.9578,24.2079,300.0
1347.4717,-1099.4335,23.8341,300.0
1346.0631,-1110.1169,23.7373,300.0
1344.7257,-1120.2258,23.6830,300.0
1344.0023,-1130.9664,23.6490,300.0
1343.8859,-1141.7736,23.6586,300.0
1343.8048,-1152.0718,23.6742,300.0
1343.6813,-1162.9236,23.7238,300.0
1343.5708,-1173.8390,23.6002,300.0
1343.4972,-1183.9183,22.4405,300.0
1343.3539,-1194.5945,19.8287,300.0
1342.9690,-1205.0581,17.8676,300.0
1342.5758,-1216.1727,15.7881,300.0
1342.2727,-1227.0507,14.0461,300.0
1342.2938,-1238.5371,13.4996,300.0
1342.3937,-1249.4952,13.3934,300.0
1342.4298,-1260.7638,13.3690,300.0
1342.4054,-1271.4005,13.3737,300.0
1342.3864,-1282.4103,13.3848,300.0
1342.3601,-1292.8164,13.6312,300.0
1342.3617,-1303.0751,13.5275,300.0
1342.3658,-1313.3376,13.3888,300.0
1342.3500,-1324.1101,13.3701,300.0
1342.3358,-1334.2515,13.3743,300.0
1342.3259,-1345.0861,13.3745,300.0
1342.3165,-1355.2837,13.3744,300.0
1342.3051,-1366.1063,13.3942,300.0
1342.2943,-1376.3301,13.4615,300.0
1342.2833,-1387.0807,13.4978,300.0
1342.2729,-1397.3574,13.3380,300.0
1342.2133,-1407.7938,13.3160,300.0
1341.7515,-1418.3494,13.3781,300.0
1341.2268,-1428.5790,13.3750,300.0
1340.0649,-1439.3685,13.3740,300.0
1338.0201,-1449.8481,13.3738,300.0
1335.9126,-1459.9966,13.3744,300.0
1333.6094,-1470.4744,13.3744,300.0
1330.3708,-1480.7587,13.3736,300.0
1326.8914,-1490.9462,13.3744,300.0
1323.9180,-1500.8142,13.3741,300.0
1321.1949,-1511.2346,13.5381,300.0
1319.2333,-1521.8547,13.4158,300.0
1317.4054,-1531.9235,13.3721,300.0
1315.5061,-1542.6079,13.3745,300.0
1314.6879,-1553.3612,13.3729,300.0
1314.3079,-1564.1130,13.3744,300.0
1314.0996,-1574.3251,13.3745,300.0
1313.9706,-1585.1580,13.3744,300.0
1314.0398,-1595.5026,13.3743,300.0
1314.3348,-1606.1658,13.3744,300.0
1314.4512,-1617.0038,13.3744,300.0
1314.3331,-1627.5217,13.3744,300.0
1314.2006,-1638.0516,13.3744,300.0
1314.0858,-1648.2778,13.3745,300.0
1313.9669,-1659.0826,13.3744,300.0
1313.8441,-1669.8588,13.3745,300.0
1313.7212,-1680.6105,13.3745,300.0
1313.6050,-1690.8429,13.3744,300.0
1313.4817,-1701.7322,13.3745,300.0
1313.3658,-1711.9431,13.3745,300.0
1313.2494,-1722.1986,13.3744,300.0
1313.1278,-1732.9113,13.3745,300.0
1313.0049,-1743.7574,13.3745,300.0
1312.8879,-1754.0488,13.3745,300.0
1312.7648,-1764.9100,13.3744,300.0
1312.6438,-1775.5767,13.3744,300.0
1312.5222,-1786.2850,13.3745,300.0
1312.4025,-1796.8422,13.3729,300.0
1312.2938,-1806.4352,13.3724,300.0
1312.1852,-1815.9996,13.3711,110.0
1312.6864,-1830.4843,13.3702,110.0
1317.3224,-1842.3856,13.3904,110.0
1327.0981,-1850.9821,13.4128,110.0
1340.0154,-1855.7426,13.3746,110.0
1354.0413,-1862.0009,13.3758,110.0
1361.7417,-1865.6736,13.3757,110.0
1369.8403,-1868.9215,13.3751,300.0
1378.1892,-1871.1326,13.3743,300.0
1387.3176,-1872.6515,13.3748,300.0
1396.8949,-1872.9132,13.3742,300.0
1406.2802,-1872.8004,13.3756,300.0
1416.4203,-1872.2557,13.3758,300.0
1426.8949,-1871.8268,13.3760,300.0
1437.2731,-1871.6244,13.3756,300.0
1447.8749,-1871.4369,13.3747,300.0
1458.1532,-1871.1685,13.3745,300.0
1468.8973,-1870.6859,13.3744,300.0
1479.2867,-1870.3510,13.3744,300.0
1489.8484,-1870.1117,13.3744,300.0
1499.8632,-1869.9763,13.3730,300.0
1509.1935,-1870.2129,13.3680,110.0
1523.2352,-1874.9017,13.3681,110.0
1530.5950,-1882.9240,13.4034,110.0
1531.8446,-1892.6024,13.7728,110.0
1530.5233,-1904.8940,14.2545,110.0
1530.6558,-1918.2139,15.1831,110.0
1530.3511,-1932.9189,16.9997,110.0
1529.9414,-1948.7115,19.0646,110.0
1529.5331,-1964.6985,21.1890,110.0
1529.3289,-1972.6962,22.0950,110.0
1529.2806,-1981.3107,23.0833,110.0
1529.2722,-1989.7777,24.2560,110.0
1529.2614,-1998.0651,25.4487,110.0
1529.5951,-2006.7062,26.6855,300.0
1530.1984,-2015.3882,27.9007,300.0
1531.3094,-2024.2407,28.9907,300.0
1532.4940,-2032.6630,30.0450,300.0
1533.6816,-2041.1797,30.9528,300.0
1535.3717,-2049.8540,31.8501,300.0
1537.7643,-2058.2405,32.5861,300.0
1540.8641,-2067.3513,33.2323,300.0
1544.5740,-2075.8518,33.7223,300.0
1548.8099,-2084.7781,33.9329,300.0
1553.8706,-2093.5151,34.0045,300.0
1559.2211,-2102.1394,33.6948,300.0
1565.6420,-2110.3323,33.2412,300.0
1572.9723,-2118.2554,32.4403,300.0
1580.0553,-2125.5408,31.5410,300.0
1588.1122,-2132.3179,30.4448,300.0
1596.5846,-2138.4158,29.2209,300.0
1606.0264,-2143.9927,27.8441,300.0
1615.8436,-2149.2095,26.3566,300.0
1625.4537,-2153.6951,24.9038,300.0
1635.8030,-2157.6060,23.3960,300.0
1646.5834,-2160.7048,21.8688,300.0
1657.6844,-2163.1482,20.4224,300.0
1668.5848,-2164.5022,19.0742,300.0
1680.1219,-2165.6169,17.7777,300.0
1691.7715,-2166.1968,16.5669,300.0
1703.5002,-2166.5676,15.4206,300.0
1714.6219,-2166.6951,14.6130,300.0
1726.4103,-2166.7759,13.8727,300.0
1737.8503,-2166.8557,13.5315,300.0
1748.9928,-2166.9353,13.3473,300.0
1759.6891,-2167.0107,13.3729,300.0
1770.9514,-2167.0889,13.3738,300.0
1782.0200,-2167.1650,13.3738,300.0
1793.0786,-2167.2012,13.3738,300.0
1803.4373,-2167.2029,13.3738,300.0
1813.7563,-2167.2031,13.3742,300.0
1824.3684,-2167.2073,13.3744,300.0
1834.6289,-2167.2112,13.3745,300.0
1845.1168,-2167.2144,13.3745,300.0
1855.2142,-2167.2173,13.3745,300.0
1865.5125,-2167.2207,13.3745,300.0
1875.7772,-2167.2246,13.3745,300.0
1886.5088,-2167.2280,13.3745,300.0
1896.9412,-2167.0100,13.3744,300.0
1907.3019,-2165.3655,13.3724,300.0
1917.4586,-2161.9290,13.3844,300.0
1927.2428,-2157.7563,13.5129,300.0
1935.6722,-2152.4065,13.5406,300.0
1942.4734,-2145.7573,13.5496,300.0
1948.0619,-2137.7241,13.5428,300.0
1953.3282,-2129.3157,13.5372,300.0
1958.6570,-2121.7681,13.4729,300.0
1964.9550,-2114.6982,13.3717,300.0
1971.8105,-2109.4121,13.3687,300.0
1979.6404,-2105.8149,13.3566,110.0
1987.5275,-2104.3823,13.4134,110.0
2003.6111,-2106.0649,13.4304,110.0
2011.8497,-2107.0000,13.3945,110.0
2020.7296,-2107.5251,13.3981,300.0
2029.9686,-2107.9224,13.3828,300.0
2039.0826,-2108.2898,13.3583,300.0
2048.9199,-2108.6550,13.3469,300.0
2058.6685,-2109.0303,13.3657,300.0
2069.1033,-2109.4724,13.3735,300.0
2079.7180,-2109.9033,13.3564,300.0
2089.3872,-2109.8230,13.3293,300.0
2098.4468,-2108.3779,13.3000,110.0
2105.9207,-2105.3398,13.3392,110.0
2112.0647,-2100.1624,13.5448,110.0
2117.5601,-2093.9661,13.5340,110.0
2123.3931,-2088.3757,13.5367,110.0
