X,Y,Z,Speed_kmh
2090.5779,-2091.6301,13.5355,0.0
2096.6709,-2085.6990,13.5382,110.0
2105.9758,-2089.5781,13.5356,110.0
2109.7046,-2100.2478,13.5342,110.0
2103.2327,-2107.4451,13.3598,110.0
2091.4585,-2108.6409,13.3232,110.0
2080.9150,-2107.5803,13.3506,110.0
2068.3354,-2107.7920,13.3795,310.0
2053.6868,-2108.2095,13.3454,310.0
2037.2786,-2108.2864,13.3628,310.0
2028.5046,-2108.2671,13.3864,310.0
2019.3479,-2108.2234,13.3995,310.0
2010.2394,-2108.1785,13.4026,310.0
2000.5197,-2108.1313,13.3743,310.0
1990.5543,-2108.0654,13.3328,310.0
1981.2355,-2108.5891,13.3456,110.0
1972.2816,-2110.8955,13.3642,110.0
1964.4138,-2115.0657,13.3713,110.0
1958.0170,-2120.8748,13.3727,110.0
1953.4695,-2128.1912,13.5022,110.0
1949.6886,-2136.1467,13.5420,110.0
1944.8127,-2143.7261,13.5495,110.0
1938.4014,-2150.5146,13.5461,110.0
1931.4307,-2156.5547,13.5395,110.0
1923.4403,-2161.6177,13.5201,110.0
1914.6212,-2165.7974,13.3709,110.0
1905.1632,-2168.2505,13.3720,110.0
1895.7783,-2169.5117,13.3745,310.0
1885.5157,-2170.7432,13.3849,110.0
1875.2815,-2170.7864,13.4521,310.0
1864.7423,-2170.1089,13.3838,310.0
1854.3361,-2169.4797,13.3747,310.0
1844.1438,-2168.8083,13.3750,310.0
1833.5215,-2168.0784,13.3746,310.0
1823.2625,-2167.4751,13.3745,310.0
1812.9602,-2167.5710,13.3740,310.0
1802.2769,-2167.8535,13.3745,310.0
1791.4818,-2167.7534,13.3741,310.0
1781.1053,-2167.4275,13.3744,310.0
1771.0231,-2167.1123,13.3745,310.0
1760.7310,-2166.9258,13.3744,310.0
1749.9857,-2166.7632,13.3744,310.0
1739.5151,-2166.5979,13.4501,310.0
1728.8331,-2166.4268,13.8322,310.0
1718.0319,-2166.2549,14.3410,310.0
1707.7192,-2166.0913,15.1175,500.0
1697.3197,-2165.9258,16.0004,500.0
1686.8623,-2165.5771,17.0657,500.0
1676.1625,-2164.9612,18.2253,500.0
1665.9996,-2164.3674,19.3836,500.0
1655.3298,-2163.6438,20.6957,500.0
1644.7551,-2161.8450,22.0651,500.0
1634.8822,-2159.6545,23.4068,500.0
1624.7106,-2156.4065,24.8529,500.0
1615.5510,-2152.0383,26.1983,500.0
1606.2223,-2146.9446,27.6267,500.0
1597.5142,-2140.7781,28.9413,500.0
1589.6003,-2134.3987,30.1860,500.0
1581.3259,-2127.5989,31.2852,500.0
1573.9969,-2120.3374,32.2973,500.0
1566.9005,-2112.3591,33.0304,500.0
1559.9727,-2104.1045,33.6844,500.0
1554.1753,-2095.6636,33.9032,110.0
1549.1727,-2086.4019,34.0354,310.0
1544.5723,-2076.9011,33.7050,110.0
1540.7013,-2066.8110,33.2366,310.0
1537.4490,-2057.1252,32.4828,110.0
1535.0348,-2046.6793,31.5492,310.0
1533.3099,-2035.9089,30.4063,310.0
1532.3394,-2025.6329,29.1778,310.0
1531.8767,-2014.9977,27.8421,310.0
1532.1689,-2004.0190,26.3052,310.0
1532.5236,-1993.3362,24.7701,310.0
1532.6747,-1982.3746,23.2125,310.0
1532.6229,-1971.5524,21.9537,310.0
1532.5146,-1960.0718,20.6148,310.0
1532.1145,-1948.6140,19.0531,310.0
1531.6818,-1937.7484,17.6069,310.0
1531.2460,-1926.7118,16.2010,310.0
1530.8304,-1916.0062,14.9507,310.0
1530.4338,-1905.8358,14.2403,310.0
1530.0608,-1896.3271,13.9092,310.0
1529.5321,-1888.1147,13.5880,110.0
1523.8378,-1875.7592,13.3652,110.0
1513.0525,-1870.0680,13.3701,110.0
1500.2382,-1869.0490,13.3757,110.0
1485.9471,-1870.2977,13.3750,310.0
1469.9366,-1872.1357,13.3752,310.0
1461.6760,-1872.7189,13.3758,310.0
1453.0946,-1873.1421,13.3757,310.0
1443.7231,-1873.2853,13.3755,310.0
1434.5199,-1873.2904,13.3757,310.0
1425.0082,-1873.1069,13.3757,310.0
1414.8816,-1872.3402,13.3753,310.0
1404.5579,-1871.4817,13.3757,310.0
1394.1563,-1870.6312,13.3760,310.0
1383.8146,-1869.7969,13.3748,310.0
1373.1071,-1868.8044,13.3744,110.0
1362.6963,-1866.5276,13.3727,110.0
1353.3458,-1862.9463,13.3717,310.0
1344.4601,-1859.2571,13.3727,310.0
1336.0061,-1856.1647,13.3679,110.0
1323.8517,-1848.9047,13.3703,110.0
1318.0334,-1835.9147,13.5201,110.0
1316.0487,-1821.8007,13.4037,310.0
1314.3301,-1806.1959,13.3758,110.0
1314.1232,-1797.7340,13.3750,310.0
1314.1647,-1789.3485,13.3753,310.0
1314.2158,-1780.3942,13.3749,310.0
1314.2372,-1771.7650,13.3748,310.0
1314.2563,-1763.0109,13.3748,310.0
1314.2860,-1753.7638,13.3748,310.0
1314.3171,-1744.3462,13.3748,310.0
1314.3451,-1735.2343,13.3755,310.0
1314.3755,-1725.1973,13.3758,310.0
1314.3459,-1715.5408,13.3763,310.0
1314.2654,-1704.9432,13.3760,310.0
1314.2432,-1694.7292,13.3755,310.0
1314.2637,-1683.9275,13.3745,310.0
1314.2855,-1673.1658,13.3745,310.0
1314.3036,-1662.8634,13.3745,310.0
1314.3225,-1652.1332,13.3745,310.0
1314.3412,-1641.8916,13.3745,310.0
1314.3601,-1631.6429,13.3744,310.0
1314.3796,-1620.8535,13.3745,310.0
1314.3988,-1610.1268,13.3744,310.0
1314.4176,-1599.8497,13.3744,310.0
1314.4371,-1588.9965,13.3744,310.0
1314.4567,-1578.2107,13.3744,310.0
1314.4762,-1567.3865,13.3744,310.0
1314.7874,-1557.1379,13.3743,110.0
1316.2118,-1547.0933,13.3732,310.0
1318.3872,-1536.7615,13.3740,110.0
1322.0399,-1526.9907,13.3726,110.0
1327.2240,-1517.6118,13.3729,310.0
1332.4583,-1508.7593,13.3744,310.0
1337.5858,-1499.8837,13.3743,110.0
1341.9735,-1490.1019,13.3733,310.0
1345.5496,-1480.4818,13.3741,310.0
1349.2375,-1470.4819,13.3744,310.0
1352.2678,-1460.4567,13.3741,110.0
1354.0483,-1449.8702,13.3728,310.0
1355.4513,-1439.6665,13.3745,110.0
1356.0864,-1428.9178,13.3742,310.0
1356.1282,-1418.2009,13.3741,310.0
1356.1328,-1407.3712,13.3130,310.0
1356.1714,-1396.6136,13.3110,310.0
1356.2095,-1385.9209,13.5028,310.0
1356.2300,-1375.5280,13.4660,310.0
1356.2565,-1365.2528,13.3945,310.0
1356.2887,-1354.5031,13.3715,310.0
1356.3181,-1344.2048,13.3744,310.0
1356.3478,-1333.4629,13.3745,310.0
1356.3773,-1322.9044,13.3745,310.0
1356.4053,-1312.9561,13.3649,310.0
1356.4358,-1302.1757,13.2738,310.0
1356.5035,-1291.4167,13.2251,310.0
1356.6671,-1280.6110,13.3163,310.0
1356.7854,-1269.7955,13.3769,310.0
1356.8094,-1258.9988,13.3750,310.0
1356.6393,-1248.1808,13.3752,310.0
1356.5006,-1237.6093,13.3796,310.0
1356.5763,-1227.2336,13.7008,310.0
1356.6849,-1217.1836,15.5697,500.0
1356.9254,-1206.7078,17.5091,500.0
1357.2968,-1196.3049,19.4629,500.0
1357.6771,-1185.8060,21.3759,500.0
1358.0516,-1175.7013,23.1962,500.0
1358.4346,-1165.4791,24.3751,500.0
1358.7994,-1155.6831,23.7636,310.0
1359.0873,-1145.3564,23.6273,310.0
1359.3992,-1134.8477,23.6484,310.0
1360.3334,-1124.6057,23.6705,310.0
1361.5488,-1114.3005,23.7171,310.0
1362.7250,-1104.2919,23.8405,310.0
1363.9569,-1093.5944,24.1204,310.0
1364.9756,-1082.8683,24.7216,500.0
1365.6715,-1072.1193,25.7441,500.0
1366.3257,-1061.8842,26.5160,500.0
1367.0221,-1051.1464,26.6328,310.0
1367.6754,-1040.9536,26.1949,310.0
1368.3479,-1030.2228,26.1956,310.0
1369.1787,-1020.0460,26.6307,310.0
1370.5789,-1009.4082,26.9726,310.0
1372.4441,-999.4468,28.1710,500.0
1374.6140,-989.6656,29.7672,500.0
1376.3208,-981.2771,31.4178,500.0
1377.4619,-967.3395,33.5375,500.0
1374.7168,-956.2031,34.1533,500.0
1367.0839,-948.3376,34.1789,500.0
1355.8224,-941.3000,34.1834,500.0
1342.5229,-936.7567,35.2551,500.0
1327.3452,-933.2808,36.6962,500.0
1311.5380,-930.6173,38.4466,500.0
1303.3782,-929.8162,39.2948,500.0
1294.8788,-929.5589,40.2852,500.0
1286.7026,-929.5337,41.2820,500.0
1278.0435,-930.2604,42.1135,500.0
1269.3157,-931.2145,42.2557,310.0
1260.6315,-932.0312,42.5348,310.0
1251.5540,-932.7785,42.5800,310.0
1242.0192,-933.5599,42.5245,310.0
1232.2341,-934.5048,42.5084,310.0
1222.6155,-935.7244,42.6028,310.0
1212.2574,-937.0668,42.6958,310.0
1201.6588,-938.2931,42.7400,310.0
1190.9086,-939.3707,42.7469,310.0
1180.1614,-940.5333,42.7650,310.0
1169.9388,-941.8033,42.8608,310.0
1159.7352,-943.0922,42.9181,310.0
1149.1082,-944.1852,42.7618,310.0
1138.3153,-945.1725,42.6116,310.0
1127.5701,-946.0553,42.6150,310.0
1117.3390,-946.7413,42.6396,310.0
1106.5706,-947.4455,42.6539,310.0
1095.7982,-948.1412,42.6259,310.0
1084.9843,-949.0900,42.5886,310.0
1074.3208,-950.2566,42.6521,310.0
1063.8778,-951.4009,42.7605,310.0
1053.3562,-952.4639,42.6879,310.0
1042.6133,-953.5762,42.6002,310.0
1031.8756,-954.7272,42.4417,310.0
1021.1601,-955.8636,42.2566,310.0
1010.4358,-956.9930,41.8071,310.0
1000.1846,-958.1247,41.3286,310.0
989.5386,-959.3926,40.5457,310.0
979.3975,-960.2837,39.7906,310.0
969.1854,-961.1113,39.3867,310.0
960.2237,-961.6012,39.1604,310.0
947.1160,-962.6365,38.8691,310.0
935.5233,-963.8560,38.3186,110.0
924.5489,-963.8842,38.3240,110.0
912.8177,-965.0042,38.2725,110.0
902.1415,-967.4224,37.9035,110.0
892.7076,-970.7509,37.3249,110.0
884.5806,-974.4031,36.7934,110.0
877.3759,-982.3586,36.0949,110.0
879.7341,-991.4355,35.6277,110.0
888.6459,-992.6535,36.3667,110.0
896.3104,-988.4495,37.1432,310.0
906.2581,-982.9078,37.6398,310.0
918.2023,-977.4734,38.0951,110.0
932.4625,-973.0773,38.2686,110.0
948.3561,-970.5934,38.5534,310.0
956.9387,-969.2505,38.7418,310.0
965.8304,-967.8522,39.0042,310.0
975.1038,-966.9498,39.3461,310.0
984.5408,-966.2120,39.6983,310.0
994.1046,-965.4128,40.6344,310.0
1003.2880,-964.3723,41.4147,310.0
1013.2370,-963.1989,41.8896,310.0
1022.8929,-962.0704,42.3046,310.0
1032.6141,-960.6543,42.4398,310.0
1043.1786,-958.8483,42.5987,310.0
1053.8364,-957.0253,42.6068,310.0
1063.9620,-955.6370,42.6052,310.0
1074.1367,-954.5085,42.5838,310.0
1084.9818,-953.3940,42.5570,310.0
1095.6807,-952.6306,42.5515,310.0
1106.3655,-951.8530,42.5744,310.0
1116.9103,-951.0194,42.6033,310.0
1127.4321,-950.2251,42.5962,310.0
1138.1326,-949.4407,42.5955,310.0
1148.2601,-948.0351,42.7273,310.0
1158.9578,-946.1863,42.9534,310.0
1169.1028,-944.4346,42.9459,310.0
1179.7373,-942.7391,42.7552,310.0
1190.3364,-940.9523,42.7456,310.0
1200.7441,-939.1783,42.7353,310.0
1211.0905,-937.4510,42.7100,310.0
1221.6831,-935.6898,42.6113,310.0
1232.4221,-934.0652,42.5154,310.0
1243.1079,-932.5286,42.5221,310.0
1253.0770,-931.3713,42.5730,310.0
1263.6624,-930.3565,42.4717,310.0
1274.1644,-929.7882,42.1121,310.0
1284.4094,-929.8126,41.6908,310.0
1294.8531,-929.8861,40.2966,310.0
1305.1683,-929.9126,39.0929,310.0
1315.3060,-929.9612,38.0363,310.0
1324.2952,-930.0500,37.0851,310.0
1339.5524,-930.8525,35.4860,110.0
1352.8217,-936.7737,34.3628,110.0
1360.2028,-944.8755,34.1705,110.0
1360.1906,-953.9796,34.1577,110.0
1358.5458,-965.7652,33.3206,310.0
1356.6177,-979.8557,30.7939,310.0
1355.8308,-988.1464,29.3445,310.0
1355.1512,-996.6042,28.1624,310.0
1354.4237,-1005.5628,27.1904,310.0
1353.5930,-1015.4896,26.5853,310.0
1352.7598,-1025.3651,26.4677,310.0
1351.9086,-1035.8904,26.1634,310.0
1351.0698,-1046.3654,26.4171,310.0
1350.1923,-1056.7765,26.6690,310.0
1349.3534,-1067.0132,26.0133,310.0
1348.5465,-1077.2161,24.9272,310.0
1347.7349,-1087.4595,24.2617,310.0
1346.8873,-1098.1602,23.8463,310.0
1346.0745,-1108.4196,23.7557,310.0
1345.2181,-1119.1428,23.6861,310.0
1344.3917,-1129.8782,23.6522,310.0
1344.1537,-1140.7876,23.6572,310.0
1344.0923,-1151.0233,23.6736,310.0
1344.0162,-1161.5535,23.7095,310.0
1343.9429,-1172.0502,23.6637,310.0
1343.8983,-1182.2222,22.6837,310.0
1343.8246,-1192.8561,20.1368,310.0
1343.5927,-1203.3362,18.2025,310.0
1343.3470,-1214.3153,16.1131,310.0
1343.2010,-1225.2761,14.3238,310.0
1343.2539,-1236.0845,13.4891,310.0
1343.3064,-1247.6163,13.4223,310.0
1343.3900,-1258.0898,13.3638,310.0
1343.5012,-1269.3002,13.3735,310.0
1343.5963,-1280.0569,13.3750,310.0
1343.7538,-1290.7698,13.5824,310.0
1343.8420,-1301.5272,13.5453,310.0
1343.8635,-1311.8591,13.4084,310.0
1343.9501,-1322.5746,13.3687,310.0
1343.8071,-1333.3213,13.3742,310.0
1343.4698,-1343.5526,13.3751,310.0
1343.0999,-1354.3483,13.3746,310.0
1342.8627,-1365.1115,13.3883,310.0
1342.7560,-1375.3910,13.4556,310.0
1342.6490,-1386.0039,13.5033,310.0
1342.5044,-1396.4486,13.3526,310.0
1342.2639,-1406.6667,13.3049,310.0
1342.0133,-1416.9707,13.3747,310.0
1341.2491,-1427.5779,13.3749,310.0
1339.8680,-1437.8171,13.3740,310.0
1338.2539,-1448.4763,13.3744,310.0
1336.0472,-1459.0400,13.3742,310.0
1333.6184,-1469.5677,13.3744,310.0
1330.6636,-1479.8994,13.3742,310.0
1327.7570,-1489.7794,13.3744,310.0
1325.1237,-1500.3020,13.4048,310.0
1322.7198,-1510.8220,13.5490,310.0
1320.5144,-1521.3176,13.3821,310.0
1318.8507,-1531.6400,13.3740,310.0
1317.4431,-1542.1379,13.3742,310.0
1316.4492,-1552.8798,13.3741,310.0
1316.0330,-1563.6477,13.3742,310.0
1315.6730,-1573.8435,13.3744,310.0
1314.9176,-1584.1202,13.3742,310.0
1313.9512,-1594.8766,13.3744,310.0
1313.3149,-1605.6641,13.3742,310.0
1313.1140,-1616.2799,13.3742,310.0
1313.3267,-1626.6924,13.3743,310.0
1313.4509,-1636.9447,13.3744,310.0
1313.4388,-1647.6508,13.3744,310.0
1313.4176,-1658.2133,13.3744,310.0
1313.4078,-1668.6936,13.3744,310.0
1313.3995,-1679.4851,13.3744,310.0
1313.3878,-1690.3500,13.3744,310.0
1313.3762,-1701.0476,13.3744,310.0
1313.3650,-1712.0006,13.3745,310.0
1313.3547,-1722.2136,13.3745,310.0
1313.3439,-1732.6489,13.3744,310.0
1313.3329,-1743.2058,13.3745,310.0
1313.3220,-1753.9412,13.3745,310.0
1313.3108,-1764.6759,13.3745,310.0
1313.2999,-1774.9894,13.3743,310.0
1313.2894,-1785.0186,13.3731,310.0
1313.2783,-1795.5530,13.3747,310.0
1313.2675,-1805.9581,13.3735,310.0
1313.2572,-1815.8921,13.3723,310.0
1313.2485,-1824.1124,13.3674,110.0
1314.6431,-1838.9398,13.3710,110.0
1321.9786,-1850.2106,13.3892,110.0
1333.0140,-1855.8341,13.3740,310.0
1345.8142,-1861.2794,13.3763,310.0
1361.0233,-1866.5013,13.3754,310.0
1368.8906,-1868.7997,13.3757,110.0
1377.1174,-1870.4674,13.3751,110.0
1385.9677,-1871.6555,13.3751,110.0
1395.1898,-1872.0083,13.3748,310.0
1404.4336,-1871.8807,13.3753,310.0
1414.4357,-1871.7126,13.3757,310.0
1424.7483,-1871.1331,13.3756,310.0
1435.3982,-1870.5854,13.3757,310.0
1445.6737,-1870.2521,13.3749,310.0
1455.8658,-1870.1224,13.3751,310.0
1466.7018,-1870.1360,13.3745,310.0
1476.9707,-1870.3875,13.3744,310.0
1487.0984,-1870.6604,13.3739,310.0
1497.3519,-1870.9297,13.3726,310.0
1506.5870,-1871.1694,13.3708,310.0
1514.8011,-1871.5903,13.3656,110.0
1525.3423,-1876.1727,13.3677,110.0
1529.5962,-1884.7953,13.4540,110.0
1531.1932,-1896.4286,13.9239,110.0
1530.4491,-1909.1592,14.4380,310.0
1529.5344,-1923.5232,15.7731,500.0
1529.2211,-1939.0455,17.7840,500.0
1529.1036,-1947.1378,18.8504,500.0
1529.4918,-1963.4211,21.0330,500.0
1529.6409,-1971.3964,21.9478,500.0
1529.7784,-1979.8724,22.9155,500.0
1529.9149,-1988.1750,24.0212,500.0
1530.0632,-1996.8735,25.2780,500.0
1530.2073,-2005.3601,26.4931,500.0
1530.6119,-2013.9558,27.7114,500.0
1531.7753,-2022.7958,28.8129,500.0
1533.0292,-2031.6344,29.9278,500.0
1534.3003,-2040.7784,30.9209,500.0
1535.9059,-2049.3145,31.8073,500.0
1538.4813,-2057.9939,32.5872,500.0
1541.5048,-2066.4385,33.1858,500.0
1545.3453,-2074.5764,33.6977,500.0
1549.7239,-2083.4795,33.9140,310.0
1554.2711,-2092.5669,34.0211,110.0
1559.3907,-2101.2158,33.7128,110.0
1565.7156,-2109.8210,33.2664,310.0
1572.2472,-2118.1794,32.4781,110.0
1579.4181,-2125.5647,31.5903,110.0
1587.4996,-2131.6936,30.5335,110.0
1596.2114,-2137.1504,29.3556,310.0
1605.4066,-2142.8433,27.9869,310.0
1615.0552,-2147.9136,26.5350,110.0
1625.2333,-2152.2449,25.0073,310.0
1635.2604,-2156.1274,23.5346,310.0
1645.9656,-2159.6592,21.9808,110.0
1656.3538,-2162.1563,20.6158,110.0
1667.2534,-2163.0962,19.2420,310.0
1678.1801,-2163.4717,18.0111,310.0
1689.7279,-2163.8967,16.7669,310.0
1700.7946,-2164.3542,15.6715,310.0
1712.4706,-2164.8213,14.7641,310.0
1724.1820,-2165.2761,13.9740,310.0
1735.7607,-2165.5793,13.5996,310.0
1747.3494,-2165.6228,13.3408,310.0
1758.2576,-2165.6379,13.3721,310.0
1769.4683,-2165.6650,13.3738,310.0
1779.9856,-2165.6934,13.3738,310.0
1791.0111,-2165.7207,13.3738,310.0
1801.5426,-2165.7451,13.3738,310.0
1812.1792,-2165.7710,13.3742,310.0
1822.8406,-2165.9011,13.3744,310.0
1833.1543,-2166.1458,13.3744,310.0
1843.9410,-2166.4097,13.3745,310.0
1854.1188,-2166.6543,13.3744,310.0
1865.0892,-2166.9165,13.3745,310.0
1875.3408,-2167.1628,13.3745,310.0
1885.9148,-2167.4175,13.3745,310.0
1896.2272,-2167.4951,13.3744,110.0
1906.6854,-2166.1411,13.3714,110.0
1915.8949,-2163.2896,13.3710,110.0
1924.4318,-2159.6326,13.4499,110.0
1931.8551,-2154.2080,13.5423,110.0
1938.6146,-2147.9045,13.5497,310.0
1944.8425,-2141.6392,13.5530,110.0
1950.0405,-2134.7878,13.5392,110.0
1954.5833,-2127.8267,13.5323,110.0
1963.0369,-2117.0583,13.3715,110.0
1974.2012,-2111.5195,13.3633,110.0
1987.5961,-2108.9272,13.3555,110.0
2002.4471,-2108.4351,13.3831,310.0
2010.6693,-2108.6270,13.4019,310.0
2018.9736,-2108.8777,13.4018,310.0
2027.4602,-2109.1282,13.3865,310.0
2036.8135,-2109.4128,13.3696,310.0
2045.9863,-2109.6790,13.3629,310.0
2055.8250,-2109.9771,13.3673,310.0
2065.6401,-2110.3020,13.3639,310.0
2075.3452,-2110.6084,13.3570,310.0
2084.9299,-2110.7693,13.3404,110.0
2093.6465,-2109.8145,13.3167,110.0
2101.5142,-2107.0571,13.2853,110.0
2108.1953,-2102.6484,13.4723,110.0
2114.7456,-2097.2839,13.5403,110.0
2120.8708,-2090.8716,13.5389,110.0
2125.7629,-2084.2607,14.5146,0.0
