X,Y,Z,Speed_kmh
2090.6040,-2092.0889,13.5372,0.0
2097.5486,-2085.6226,13.5379,120.0
2106.6689,-2088.5291,13.5366,120.0
2111.8782,-2095.3154,13.5366,120.0
2107.7363,-2105.2263,13.4944,120.0
2100.2527,-2109.9509,13.3131,120.0
2088.2568,-2109.5552,13.3354,120.0
2078.4067,-2109.3677,13.3610,120.0
2066.8784,-2109.1492,13.3755,120.0
2054.9114,-2108.8970,13.3541,350.0
2043.0961,-2108.6951,13.3513,350.0
2030.5359,-2108.7742,13.3821,350.0
2017.2524,-2108.8206,13.4045,350.0
2003.6499,-2108.8755,13.3903,120.0
1989.6105,-2108.9019,13.3547,120.0
1975.1534,-2108.9712,13.3644,120.0
1962.7582,-2111.9658,13.3702,120.0
1955.3627,-2120.4536,13.4724,120.0
1954.9146,-2129.9817,13.5383,120.0
1951.8704,-2139.7786,13.5358,120.0
1945.4631,-2148.4390,13.5496,120.0
1936.4102,-2155.7729,13.5404,350.0
1924.9534,-2161.4663,13.5090,350.0
1912.6154,-2164.8882,13.3718,350.0
1899.6967,-2165.9114,13.3742,350.0
1885.5951,-2165.5247,13.3758,350.0
1870.4148,-2165.1404,13.3750,350.0
1854.7424,-2164.7334,13.3751,350.0
1846.5302,-2164.5215,13.3749,350.0
1830.0723,-2164.0979,13.3748,350.0
1821.4478,-2164.1411,13.3746,350.0
1813.1392,-2164.2771,13.3747,350.0
1804.2003,-2164.4233,13.3748,350.0
1795.5903,-2164.5571,13.3748,350.0
1786.9927,-2164.6907,13.3748,350.0
1778.2194,-2164.8350,13.3748,350.0
1768.8678,-2164.9900,13.3748,350.0
1759.9028,-2165.1375,13.3748,350.0
1750.7972,-2165.2871,13.3755,350.0
1741.5732,-2165.4392,13.4094,350.0
1731.9409,-2165.6006,13.7271,350.0
1722.6759,-2165.7546,14.0572,350.0
1712.9045,-2165.8938,14.7366,350.0
1703.2223,-2165.9121,15.4513,350.0
1693.5752,-2165.9155,16.3882,350.0
1684.5159,-2165.4382,17.3002,350.0
1675.0574,-2164.6353,18.3585,350.0
1665.7909,-2163.8481,19.4140,350.0
1656.5942,-2163.0879,20.5555,350.0
1648.0367,-2161.8179,21.6617,350.0
1639.3890,-2159.8469,22.8225,350.0
1630.9683,-2157.3022,24.0211,350.0
1623.0015,-2154.0725,25.1880,350.0
1615.1693,-2150.6943,26.3344,350.0
1601.8647,-2142.1748,28.4102,350.0
1595.3717,-2137.5476,29.3957,350.0
1588.9883,-2132.6729,30.3569,350.0
1577.2820,-2123.2363,31.8855,350.0
1567.0767,-2111.8430,33.0460,350.0
1557.1581,-2100.1509,33.7699,350.0
1549.3179,-2086.7051,34.0110,350.0
1545.3951,-2079.5540,33.7748,350.0
1539.6157,-2064.1814,33.0036,350.0
1537.0730,-2055.7756,32.3854,350.0
1534.5519,-2047.1567,31.5785,350.0
1532.6978,-2038.3009,30.6402,350.0
1531.9822,-2029.1132,29.6157,350.0
1531.4613,-2019.3536,28.3826,350.0
1530.8984,-2009.6936,27.1238,350.0
1530.7155,-2000.4635,25.7905,350.0
1530.8805,-1991.1245,24.4523,350.0
1531.0465,-1981.5259,23.0999,350.0
1531.1510,-1972.0101,22.0077,350.0
1531.1830,-1962.3667,20.9008,350.0
1531.1063,-1953.1578,19.6695,350.0
1531.0206,-1943.7944,18.3991,350.0
1530.9373,-1934.4968,17.1961,350.0
1530.8541,-1925.1196,15.9976,350.0
1530.7728,-1916.0120,14.9602,120.0
1530.6958,-1907.4102,14.3248,120.0
1530.5533,-1893.8771,13.8185,120.0
1527.9922,-1881.6490,13.3799,120.0
1522.2098,-1873.0072,13.3699,120.0
1513.6742,-1870.6329,13.3693,120.0
1504.2998,-1871.6829,13.3744,120.0
1493.1161,-1871.5449,13.3757,120.0
1481.0143,-1871.4781,13.3752,120.0
1467.6019,-1871.3851,13.3750,350.0
1453.6691,-1871.2936,13.3750,350.0
1439.0079,-1871.1956,13.3750,350.0
1423.5482,-1871.0927,13.3752,350.0
1415.3427,-1871.0383,13.3761,350.0
1398.9584,-1870.9294,13.3748,350.0
1390.6354,-1870.8738,13.3748,350.0
1382.1234,-1870.7914,13.3748,350.0
1373.8046,-1869.8384,13.3736,350.0
1365.8181,-1867.3131,13.3715,350.0
1357.6442,-1863.7400,13.3742,350.0
1349.7445,-1860.2368,13.3746,350.0
1341.2156,-1856.8376,13.3745,350.0
1332.2043,-1854.8405,13.3727,350.0
1323.3773,-1853.6951,13.3742,350.0
1314.2048,-1853.2743,13.3744,350.0
1304.9094,-1853.1144,13.3746,350.0
1295.6477,-1852.9830,13.3748,350.0
1286.4657,-1852.8466,13.3748,350.0
1276.5167,-1852.6990,13.3748,350.0
1267.0432,-1852.5607,13.3755,350.0
1257.1088,-1852.4158,13.3749,350.0
1246.9600,-1852.2721,13.3748,350.0
1236.7421,-1852.2072,13.3748,350.0
1226.8700,-1852.1598,13.3748,350.0
1216.3966,-1852.1086,13.3748,350.0
1206.3394,-1852.0576,13.3748,350.0
1195.7588,-1852.0248,13.3834,350.0
1185.1144,-1852.0220,13.3914,350.0
1174.8779,-1852.0220,13.3905,350.0
1164.6715,-1852.0199,13.3895,350.0
1154.2949,-1852.0175,13.3790,350.0
1144.3074,-1852.0155,13.3727,350.0
1134.7017,-1852.0133,13.3724,120.0
1125.6023,-1852.0110,13.3724,120.0
1117.2531,-1852.0092,13.3724,120.0
1101.2814,-1851.7577,13.3723,120.0
1087.6075,-1846.5228,13.4106,120.0
1076.1820,-1838.3817,13.5588,120.0
1064.4092,-1829.8456,13.6364,120.0
1052.4225,-1819.7930,13.6091,350.0
1046.1217,-1814.7377,13.5759,350.0
1039.4325,-1810.0055,13.6519,350.0
1032.8180,-1805.4285,13.7049,350.0
1018.5663,-1797.8884,13.9191,350.0
1010.6379,-1794.6536,14.0026,350.0
1002.3809,-1791.9427,14.0502,350.0
994.1090,-1789.3896,14.0587,350.0
985.7988,-1787.0952,14.0722,350.0
977.4462,-1784.8263,14.0850,350.0
968.5725,-1782.5679,14.0990,350.0
959.9121,-1780.9757,14.1109,350.0
950.6896,-1779.3787,13.9952,350.0
941.2971,-1777.7373,13.7392,350.0
932.1865,-1776.1364,13.5034,350.0
922.6060,-1774.5115,13.3547,350.0
912.7089,-1773.6934,13.3736,350.0
902.9663,-1773.1521,13.3746,350.0
893.0483,-1772.5929,13.3748,350.0
882.8547,-1772.0245,13.3748,350.0
873.1110,-1771.5931,13.3747,350.0
862.6884,-1771.1560,13.3748,350.0
852.1865,-1770.7288,13.3752,350.0
841.6644,-1770.3235,13.3801,350.0
831.2397,-1769.9246,13.3851,350.0
820.7006,-1769.5217,13.3901,350.0
810.1211,-1769.1166,13.3899,350.0
800.3162,-1768.7306,13.4443,350.0
790.8766,-1768.2263,13.2632,350.0
781.0161,-1767.4941,13.0468,350.0
771.3366,-1766.7485,12.8578,350.0
761.5983,-1765.3136,12.8267,350.0
751.6346,-1763.4846,12.8152,350.0
742.2150,-1761.5472,13.3244,350.0
732.3965,-1759.2039,14.2387,350.0
723.0381,-1757.0320,14.5030,350.0
713.9876,-1754.7402,14.4611,350.0
704.9891,-1751.7922,13.9820,350.0
696.3449,-1748.6429,13.4109,350.0
688.2380,-1745.8739,13.2232,350.0
680.2191,-1743.2036,13.3456,350.0
672.0312,-1740.4742,13.4273,350.0
664.1433,-1737.8461,13.4976,350.0
649.4138,-1732.9481,13.6110,350.0
637.9887,-1725.2379,13.9237,350.0
630.0125,-1714.4773,14.1340,350.0
622.2731,-1703.7783,14.7803,120.0
614.1615,-1692.5403,15.8741,120.0
604.6259,-1681.3710,16.0855,120.0
594.2229,-1672.6161,16.1572,120.0
581.2593,-1669.6310,16.8763,120.0
567.8592,-1669.1309,17.9346,120.0
554.4412,-1668.5854,18.4525,120.0
543.8542,-1663.2266,18.5184,120.0
538.2224,-1653.2179,18.2910,120.0
534.3690,-1641.4302,17.5068,120.0
531.9020,-1628.1968,16.7648,120.0
528.9464,-1614.0430,16.2659,350.0
524.8749,-1599.0271,15.9874,350.0
522.1938,-1591.3195,16.0016,350.0
518.1458,-1584.1508,15.9886,350.0
508.8818,-1570.6267,16.1635,350.0
504.0359,-1563.6096,16.4444,350.0
500.0101,-1556.1417,17.0411,350.0
496.3964,-1548.4777,17.7848,350.0
492.9792,-1541.2244,18.5485,350.0
488.1471,-1527.0687,19.7396,350.0
485.3811,-1513.0435,20.3192,350.0
485.3570,-1498.2715,20.2768,350.0
488.8588,-1483.2981,19.6623,120.0
492.8243,-1468.9716,18.4937,120.0
498.9780,-1456.5406,16.9255,120.0
505.8503,-1444.5439,14.8127,120.0
516.5472,-1438.5715,15.2839,120.0
527.2427,-1436.4938,15.7169,120.0
534.9163,-1439.5508,15.6024,120.0
536.4695,-1449.6978,15.1945,120.0
536.1567,-1458.8401,14.9147,120.0
536.8359,-1469.4777,14.6862,120.0
537.5419,-1481.6511,14.4200,350.0
538.1285,-1495.2360,14.2950,350.0
538.2579,-1509.1897,14.3760,350.0
537.6508,-1523.8636,14.4758,350.0
537.0323,-1539.2125,14.9602,350.0
536.5455,-1555.0388,15.4622,350.0
536.3618,-1570.5702,15.9015,350.0
536.5413,-1578.7438,16.0081,350.0
536.8978,-1594.6848,15.9998,350.0
537.0792,-1602.9282,16.0093,350.0
537.2604,-1611.0569,16.1922,350.0
537.4520,-1619.8123,16.4654,350.0
537.6310,-1628.0076,16.7765,120.0
537.8112,-1636.1616,17.1796,120.0
540.1920,-1650.8234,18.1006,120.0
545.5786,-1662.2567,18.5311,120.0
554.8572,-1668.4918,18.4428,120.0
566.6221,-1671.0126,17.9610,120.0
579.6044,-1674.4144,16.9987,120.0
592.4310,-1680.2716,16.3061,120.0
605.2244,-1687.3539,16.0777,350.0
614.1024,-1697.4962,15.5283,350.0
622.0386,-1709.1686,14.5240,350.0
631.3399,-1721.6112,13.8880,350.0
642.8235,-1733.0486,13.5112,350.0
648.8181,-1739.0901,13.3597,350.0
655.5607,-1744.4683,13.5103,350.0
662.5751,-1748.8541,13.5174,350.0
670.0169,-1753.3812,13.4362,350.0
677.8861,-1757.4302,13.3389,350.0
686.2572,-1760.7190,13.2493,350.0
694.3534,-1763.6472,13.4513,350.0
703.0317,-1766.1960,13.9107,350.0
711.4534,-1768.6545,14.1583,350.0
720.1265,-1771.1360,14.1043,350.0
728.7948,-1773.5293,14.0104,350.0
737.8629,-1775.7999,13.3277,350.0
746.6107,-1777.8953,12.8086,350.0
756.1895,-1779.9689,12.8194,350.0
765.9701,-1780.9457,12.8490,350.0
775.8735,-1781.6902,12.9902,350.0
785.9041,-1782.4738,13.1191,350.0
796.0057,-1782.7637,13.2444,350.0
805.6976,-1782.8795,13.4095,350.0
815.8699,-1782.9922,13.6050,350.0
825.6547,-1783.2048,13.6880,350.0
836.0246,-1783.5865,13.7391,350.0
846.4374,-1783.9587,13.7616,350.0
856.4452,-1784.3069,13.7722,350.0
866.6449,-1784.9388,13.6897,350.0
877.2218,-1785.6621,13.6071,350.0
887.4125,-1786.3535,13.5281,350.0
898.1903,-1787.0734,13.4444,350.0
908.9001,-1787.7915,13.3704,350.0
919.2643,-1788.4999,13.3710,350.0
929.6673,-1789.7050,13.4344,350.0
938.9066,-1790.9307,13.7097,350.0
948.6094,-1792.2273,13.9771,350.0
957.7158,-1794.1793,14.1295,350.0
966.3484,-1797.1696,14.0941,350.0
974.5667,-1800.2212,14.0807,350.0
982.4378,-1803.0691,14.0662,350.0
990.4202,-1805.8584,14.0525,350.0
1005.2602,-1809.9812,14.0360,350.0
1019.3093,-1815.0189,13.9519,350.0
1032.6207,-1821.3334,13.6833,350.0
1045.1846,-1828.2158,13.5525,350.0
1057.8530,-1834.9846,13.5113,350.0
1071.4391,-1841.2390,13.5213,350.0
1086.6993,-1846.4563,13.5334,350.0
1094.3992,-1849.2538,13.4167,350.0
1109.8971,-1851.9598,13.3735,350.0
1118.2947,-1852.4963,13.3746,350.0
1126.8285,-1852.3666,13.3744,350.0
1135.3965,-1852.1295,13.3747,350.0
1143.8198,-1851.9312,13.3748,350.0
1152.2228,-1851.8280,13.3781,350.0
1161.2365,-1851.7268,13.3871,350.0
1170.3625,-1851.6168,13.3910,350.0
1179.0925,-1851.5103,13.3905,350.0
1188.4884,-1851.3975,13.3904,350.0
1197.9694,-1851.2838,13.3817,350.0
1207.5508,-1851.1687,13.3739,350.0
1217.2523,-1851.0519,13.3748,350.0
1227.0709,-1850.9340,13.3748,350.0
1236.9398,-1850.8354,13.3748,350.0
1246.4794,-1851.1477,13.3745,350.0
1256.5090,-1851.5858,13.3747,350.0
1266.6931,-1852.0272,13.3748,350.0
1276.4913,-1852.4417,13.3749,350.0
1286.5400,-1852.8680,13.3748,350.0
1296.7419,-1853.3038,13.3748,350.0
1306.6461,-1853.7266,13.3733,350.0
1316.7789,-1854.1599,13.3745,350.0
1327.0717,-1855.2729,13.3741,350.0
1336.8591,-1858.0903,13.3712,350.0
1345.6080,-1861.6898,13.3726,350.0
1354.5977,-1865.0645,13.3725,350.0
1364.0597,-1867.0120,13.3720,350.0
1373.8099,-1868.4257,13.3746,350.0
1383.0779,-1869.7974,13.3746,350.0
1392.9470,-1870.8445,13.3745,350.0
1402.4973,-1871.3313,13.3743,350.0
1412.2205,-1871.7788,13.3748,350.0
1422.3202,-1872.2708,13.3748,350.0
1432.1566,-1872.4022,13.3745,350.0
1442.4908,-1872.0168,13.3744,350.0
1452.2542,-1871.6095,13.3740,350.0
1462.2100,-1871.2451,13.3725,350.0
1471.4296,-1870.9390,13.3724,350.0
1480.0007,-1870.6997,13.3724,350.0
1488.3403,-1870.5121,13.3724,120.0
1496.6960,-1870.3286,13.3723,120.0
1510.8534,-1870.0636,13.3721,120.0
1522.8446,-1873.5042,13.3697,120.0
1529.5199,-1882.1589,13.3870,120.0
1531.0665,-1892.6559,13.7747,120.0
1530.7858,-1904.1940,14.2259,120.0
1530.0491,-1916.6947,15.0491,120.0
1529.7704,-1929.4843,16.5584,350.0
1529.7494,-1941.9708,18.1595,350.0
1529.7776,-1954.0944,19.7934,350.0
1529.8014,-1966.3394,21.3733,350.0
1529.8276,-1979.0652,22.8218,350.0
1529.8528,-1991.3641,24.4883,350.0
1529.8778,-2003.5837,26.2381,350.0
1530.5214,-2015.8584,27.9561,350.0
1532.1476,-2027.4354,29.3890,350.0
1533.7760,-2039.4650,30.7780,350.0
1536.2122,-2051.3809,32.0237,350.0
1540.3311,-2063.2415,32.9461,350.0
1544.7583,-2075.3289,33.6886,350.0
1550.4771,-2087.0701,34.0033,350.0
1557.9442,-2099.0818,33.7754,350.0
1566.2129,-2111.2603,33.1260,350.0
1571.1670,-2117.5286,32.5596,350.0
1576.5752,-2123.5764,31.9286,350.0
1582.4528,-2129.1511,31.0884,350.0
1589.2861,-2134.5273,30.2022,350.0
1596.1637,-2139.7788,29.1545,350.0
1604.0876,-2144.7603,27.9961,350.0
1612.0884,-2149.2390,26.7967,350.0
1620.4659,-2153.7214,25.5146,350.0
1630.0002,-2157.5310,24.1314,350.0
1639.4834,-2160.8447,22.7710,350.0
1649.4006,-2163.3345,21.4374,350.0
1660.1700,-2164.6255,20.0686,350.0
1671.1163,-2165.6907,18.7818,350.0
1681.4879,-2166.7183,17.6172,350.0
1692.7391,-2167.1824,16.4735,350.0
1703.8831,-2167.3875,15.3856,350.0
1714.6387,-2167.3474,14.6126,350.0
1725.7737,-2167.0681,13.9019,350.0
1736.4084,-2166.7957,13.5788,350.0
1747.5153,-2166.5420,13.3432,350.0
1758.3806,-2166.2986,13.3727,350.0
1769.1895,-2166.0544,13.3738,350.0
1779.5203,-2165.8975,13.3742,350.0
1790.3046,-2166.2102,13.3742,350.0
1800.6438,-2166.5913,13.3744,350.0
1811.2072,-2166.8284,13.3744,350.0
1822.1115,-2166.9956,13.3744,350.0
1832.3999,-2167.1563,13.3744,350.0
1842.6808,-2167.3235,13.3745,350.0
1853.4180,-2167.3860,13.3744,350.0
1864.1902,-2167.3997,13.3744,350.0
1874.2892,-2167.4124,13.3738,350.0
1884.0951,-2167.4285,13.3725,350.0
1893.8361,-2167.2295,13.3724,350.0
1902.9158,-2165.8027,13.3715,350.0
1911.6550,-2163.8896,13.3727,350.0
1919.8364,-2160.9468,13.4082,350.0
1927.1342,-2156.0339,13.5400,350.0
1933.8812,-2150.6326,13.5452,350.0
1940.2649,-2145.4275,13.5529,120.0
1945.9508,-2139.6050,13.5488,120.0
1955.3251,-2127.1296,13.5353,120.0
1965.0341,-2115.9536,13.3733,120.0
1978.1082,-2109.5449,13.3544,120.0
1992.8751,-2108.8242,13.3517,120.0
2008.8158,-2109.0879,13.3984,120.0
2016.8623,-2109.4192,13.4019,120.0
2024.8973,-2109.5779,13.3852,350.0
2033.0114,-2109.3723,13.3743,350.0
2041.6418,-2109.1282,13.3590,350.0
2050.4734,-2108.9270,13.3536,350.0
2058.8882,-2108.7637,13.3632,350.0
2067.7590,-2108.6025,13.3758,120.0
2076.3154,-2108.5269,13.3661,120.0
2084.4741,-2108.6418,13.3373,120.0
2099.3831,-2106.8049,13.2847,120.0
2109.7351,-2098.7090,13.5508,120.0
2118.1113,-2090.4915,13.5345,120.0
2124.8389,-2084.8699,14.3438,0.0
X,Y,Z,Speed_kmh
2090.7576,-2091.8831,13.5364,120.0
2096.7690,-2085.9836,13.5382,120.0
2105.8362,-2089.9365,13.5342,120.0
2107.8005,-2099.0908,13.5385,120.0
2102.2673,-2108.5662,13.3272,120.0
2091.7039,-2109.9331,13.3271,120.0
2082.5720,-2109.6167,13.3480,120.0
2072.6538,-2108.6665,13.3755,120.0
2061.5620,-2108.0740,13.3670,120.0
2049.4863,-2108.7329,13.3475,120.0
2037.5885,-2109.4126,13.3661,120.0
2025.4871,-2110.1318,13.3787,120.0
2012.2943,-2110.5708,13.3994,120.0
1998.9153,-2110.7288,13.3733,120.0
1985.4048,-2110.9292,13.3531,120.0
1972.8381,-2110.5342,13.3688,120.0
1963.6776,-2105.7581,13.3692,120.0
1960.6807,-2097.8008,13.3694,120.0
1960.7000,-2088.6851,13.3755,120.0
1961.0013,-2078.2954,13.3758,120.0
1961.3398,-2066.7119,13.3759,120.0
1961.6665,-2054.1238,13.3894,350.0
1961.9458,-2041.1603,13.3758,350.0
1962.1251,-2027.3934,13.3751,350.0
1962.2218,-2013.5907,13.3752,350.0
1962.2401,-1998.6089,13.3752,350.0
1962.2231,-1983.4750,13.3752,350.0
1962.2080,-1967.7030,13.4771,350.0
1962.1749,-1959.7010,13.7276,350.0
1962.1289,-1951.6357,13.7370,350.0
1962.1338,-1935.9746,13.3601,350.0
1962.1451,-1927.6432,13.3747,350.0
1962.1555,-1919.3208,13.3749,350.0
1962.1642,-1911.3048,13.3749,350.0
1962.1731,-1903.1281,13.3749,350.0
1962.1827,-1894.8528,13.3749,350.0
1962.1926,-1886.5552,13.3749,350.0
1962.2020,-1878.3611,13.3749,350.0
1962.2118,-1869.9852,13.3749,350.0
1962.2212,-1861.9626,13.3749,350.0
1962.2308,-1853.4967,13.3749,350.0
1962.2404,-1845.3958,13.3749,350.0
1962.2502,-1836.9199,13.3750,120.0
1962.2688,-1820.9452,13.3736,120.0
1962.2782,-1812.8885,13.3741,120.0
1962.2920,-1797.6370,13.3725,120.0
1960.9009,-1783.8612,13.3731,120.0
1958.8345,-1770.3940,13.3743,120.0
1954.8182,-1758.5123,13.4456,120.0
1949.4919,-1746.6151,13.3938,120.0
1945.8169,-1733.6416,13.4501,120.0
1945.0012,-1719.9865,13.3738,120.0
1944.9868,-1705.1649,13.3750,120.0
1944.9940,-1689.2388,13.3751,120.0
1944.9116,-1673.0591,13.3748,120.0
1944.8445,-1665.0162,13.3748,120.0
1944.7760,-1656.5602,13.3740,120.0
1943.8402,-1640.8826,13.3726,120.0
1941.1567,-1626.9332,13.3709,120.0
1932.4266,-1617.1141,13.4352,120.0
1919.5457,-1613.3826,13.3669,120.0
1905.2605,-1611.0831,13.3749,120.0
1890.0880,-1611.0280,13.3747,120.0
1874.4911,-1611.5215,13.3750,120.0
1866.2544,-1611.6036,13.3749,120.0
1857.8910,-1611.6835,13.3748,120.0
1849.7756,-1611.7659,13.3748,120.0
1841.3951,-1611.8511,13.3748,120.0
1832.8689,-1611.7668,13.3746,120.0
1824.0432,-1611.5212,13.3659,120.0
1815.5952,-1611.2797,13.3677,120.0
1806.7594,-1610.6952,13.3561,120.0
1798.0786,-1609.4832,13.3430,120.0
1789.3741,-1608.1642,13.3461,120.0
1780.2583,-1606.6943,13.3547,120.0
1771.1508,-1605.0852,13.3614,120.0
1761.9988,-1603.2223,13.3652,120.0
1753.1576,-1601.4019,13.3680,120.0
1743.7932,-1599.4866,13.3718,120.0
1734.6429,-1597.6187,13.3679,120.0
1725.9376,-1595.9988,13.3523,120.0
1707.6097,-1593.7729,13.3579,120.0
1698.0090,-1592.6680,13.3676,120.0
1688.0044,-1592.2982,13.3701,120.0
1677.7837,-1592.3943,13.3747,120.0
1667.4281,-1592.4126,13.3750,120.0
1657.5551,-1592.3397,13.3788,350.0
1647.0204,-1592.2568,13.3877,350.0
1636.9475,-1592.1907,13.4666,350.0
1626.5592,-1592.1243,13.5414,350.0
1616.0775,-1592.0543,13.5400,350.0
1605.2792,-1591.9813,13.5154,350.0
1594.5161,-1591.9094,13.3903,350.0
1583.6770,-1591.8374,13.3707,350.0
1573.4689,-1591.7690,13.3744,350.0
1562.6252,-1591.6964,13.3745,350.0
1552.3933,-1591.6282,13.3745,350.0
1542.2197,-1591.6515,13.3744,350.0
1531.9392,-1591.7184,13.3745,350.0
1521.1726,-1591.7897,13.3744,350.0
1510.3993,-1591.8580,13.3745,350.0
1499.5901,-1591.9263,13.3745,350.0
1488.7546,-1591.9960,13.3745,350.0
1478.5022,-1592.0618,13.3745,350.0
1467.8021,-1592.1302,13.3744,350.0
1457.4144,-1592.1050,13.3744,350.0
1446.7113,-1591.9698,13.3744,350.0
1436.4199,-1591.8098,13.3744,120.0
1426.2256,-1591.4692,13.3733,120.0
1416.6666,-1591.1158,13.3532,120.0
1406.8650,-1590.7383,13.3424,120.0
1397.6494,-1589.6563,13.3427,120.0
1388.3164,-1588.0898,13.3479,120.0
1379.9008,-1586.6620,13.3524,120.0
1371.4890,-1585.0117,13.3577,120.0
1357.1859,-1582.0209,13.3678,120.0
1344.3530,-1579.1189,13.3576,120.0
1332.6687,-1576.3219,13.3435,120.0
1322.4929,-1571.9574,13.3615,120.0
1315.7529,-1565.3500,13.3698,120.0
1315.0642,-1557.0939,13.3727,120.0
1315.8315,-1547.4255,13.3756,120.0
1318.4677,-1536.7670,13.3746,120.0
1323.0134,-1526.1179,13.3750,120.0
1328.8904,-1514.7356,13.3750,120.0
1335.0892,-1502.6566,13.3750,120.0
1341.7571,-1489.5629,13.3750,120.0
1347.4856,-1475.7374,13.3750,120.0
1352.1160,-1460.5471,13.3743,120.0
1355.3464,-1444.4719,13.3740,120.0
1355.8495,-1435.9803,13.3740,120.0
1356.0034,-1427.6603,13.3746,120.0
1355.9960,-1418.9504,13.3747,120.0
1355.9923,-1410.2255,13.3359,350.0
1356.2557,-1401.4357,13.2739,350.0
1356.6007,-1392.7147,13.3881,350.0
1356.8949,-1383.9775,13.5116,350.0
1356.9149,-1375.1052,13.4575,350.0
1356.8956,-1365.6483,13.3971,350.0
1356.8868,-1356.0260,13.3714,350.0
1356.8817,-1346.3313,13.3748,350.0
1356.8739,-1336.9773,13.3748,350.0
1356.8643,-1327.1096,13.3748,350.0
1356.8558,-1317.6012,13.3748,350.0
1356.8472,-1307.4867,13.3209,350.0
1356.8401,-1297.8337,13.2408,350.0
1356.8651,-1287.5717,13.2332,350.0
1356.8792,-1277.1431,13.3409,350.0
1356.8298,-1266.8356,13.3804,350.0
1356.8000,-1256.6343,13.3750,350.0
1356.8145,-1245.9546,13.3764,350.0
1356.8247,-1236.3977,13.3808,350.0
1356.8197,-1225.7119,13.9214,350.0
1356.8217,-1215.8881,15.8170,350.0
1356.8319,-1206.2828,17.5874,350.0
1356.8365,-1196.9705,19.3356,350.0
1356.8195,-1187.8298,21.0106,350.0
1356.8125,-1178.4807,22.6931,350.0
1356.8268,-1169.2438,24.0818,350.0
1356.8417,-1160.6367,23.8207,350.0
1356.8728,-1151.5771,23.6401,350.0
1357.0878,-1142.8429,23.6568,350.0
1357.7186,-1133.5791,23.6515,350.0
1358.4878,-1124.7177,23.6698,350.0
1359.7405,-1115.3185,23.7103,350.0
1360.9865,-1106.3223,23.8098,350.0
1362.2974,-1096.7531,23.9790,350.0
1363.5321,-1087.6752,24.4342,350.0
1364.7435,-1078.5664,25.0934,350.0
1365.9861,-1069.0952,26.0021,350.0
1367.1801,-1059.8033,26.6415,350.0
1368.1287,-1050.5431,26.5758,350.0
1368.8534,-1041.4637,26.2237,350.0
1369.5358,-1032.3149,26.1578,350.0
1370.2704,-1023.0998,26.5610,120.0
1371.0630,-1013.3920,26.7246,120.0
1371.7888,-1004.2740,27.5280,120.0
1372.6245,-995.1901,28.7579,120.0
1374.9413,-980.0422,31.5942,120.0
1376.9197,-966.5797,33.6014,120.0
1375.3573,-954.7789,34.1699,120.0
1368.6493,-945.7137,34.1758,120.0
1358.8206,-938.9775,34.1793,120.0
1347.2201,-934.4434,34.8744,120.0
1334.8982,-931.5194,35.9357,120.0
1322.5835,-930.4556,37.2722,120.0
1309.8282,-929.8712,38.6111,120.0
1297.3527,-929.5092,39.9913,120.0
1284.9144,-929.5239,41.5018,120.0
1271.8688,-930.0844,42.1858,120.0
1258.4430,-931.0345,42.5800,120.0
1244.3280,-933.0060,42.5342,120.0
1229.0945,-935.1502,42.5425,120.0
1214.0103,-938.0063,42.6812,120.0
1198.4358,-940.9905,42.7390,350.0
1190.1085,-942.4511,42.7483,350.0
1181.9098,-943.7982,42.7571,350.0
1173.3147,-945.2097,42.7836,350.0
1164.9852,-946.1757,42.9775,350.0
1156.2878,-946.8668,42.9275,350.0
1147.3956,-947.6464,42.7118,350.0
1138.3245,-948.3899,42.5989,350.0
1129.5327,-949.0133,42.5970,350.0
1120.0892,-949.6608,42.6055,350.0
1110.9557,-950.3105,42.6138,350.0
1101.3851,-951.0128,42.6005,350.0
1092.0728,-951.6774,42.5941,350.0
1082.1954,-952.3605,42.5829,350.0
1072.2782,-953.0510,42.5997,350.0
1062.5393,-953.7914,42.6775,350.0
1053.6875,-954.5242,42.6717,350.0
1044.7612,-955.5830,42.6149,350.0
1036.6448,-956.6265,42.5161,350.0
1028.0676,-957.7473,42.3683,350.0
1019.7940,-958.8101,42.2239,350.0
1011.4014,-959.8826,41.8242,120.0
1003.2234,-960.9304,41.3873,120.0
987.5554,-962.9716,40.0432,120.0
979.5861,-964.0771,39.5666,120.0
964.3586,-964.8175,39.0258,120.0
949.7476,-965.0758,38.6774,120.0
936.7965,-965.3687,38.3473,120.0
924.9720,-965.4748,38.2158,120.0
914.4903,-965.7696,38.2149,120.0
904.7348,-966.3922,38.0341,120.0
895.8262,-967.6410,37.4105,120.0
885.8707,-973.9551,36.9173,120.0
878.8492,-979.1757,36.3331,120.0
875.3504,-989.4206,35.3808,120.0
881.3229,-995.9495,35.5089,120.0
891.0386,-993.6575,36.5322,120.0
898.2736,-989.2833,37.1976,120.0
906.9898,-985.1465,37.6413,120.0
917.1450,-981.9340,38.0697,120.0
928.7194,-979.1260,38.2127,120.0
941.3440,-976.4417,38.4118,120.0
954.6775,-974.0657,38.7443,120.0
968.5750,-971.6153,39.1349,350.0
982.9343,-969.0557,39.6220,350.0
997.3694,-966.4672,40.9738,350.0
1012.5733,-963.9559,41.8478,350.0
1028.1080,-961.9223,42.3649,350.0
1036.2990,-960.8431,42.4969,350.0
1052.1635,-958.7531,42.5868,350.0
1060.4108,-957.6683,42.5858,350.0
1069.0355,-956.5334,42.5858,350.0
1077.3647,-955.5271,42.5756,350.0
1086.3109,-954.8326,42.4665,350.0
1095.3945,-954.1507,42.4723,350.0
1104.5031,-953.3860,42.5277,350.0
1113.4093,-952.6432,42.5934,350.0
1122.7327,-951.9216,42.5881,350.0
1132.1516,-951.1219,42.5849,350.0
1141.5179,-950.1794,42.6076,350.0
1150.8215,-949.2170,42.7700,350.0
1159.9740,-947.9559,43.0195,350.0
1169.4672,-946.2822,42.8699,350.0
1178.9663,-944.5104,42.7425,350.0
1188.3507,-942.7021,42.7505,350.0
1198.3441,-940.8498,42.7386,350.0
1207.9165,-939.0958,42.7268,350.0
1218.0518,-937.2177,42.6469,350.0
1227.8990,-935.3856,42.5570,120.0
1238.2164,-933.6521,42.4940,120.0
1248.7323,-932.0401,42.5536,120.0
1258.7466,-930.8660,42.5879,120.0
1268.9709,-930.8568,42.2795,120.0
1278.8883,-931.2838,41.9319,120.0
1288.0963,-931.6489,41.2381,120.0
1297.0614,-931.8669,40.0603,120.0
1306.3157,-932.1072,39.0018,120.0
1315.0907,-932.3993,38.0563,120.0
1323.6421,-932.6621,37.1178,120.0
1338.5503,-933.0547,35.6160,120.0
1352.4032,-935.2579,34.4156,120.0
1363.0854,-942.0184,34.1725,120.0
1366.6672,-952.6581,34.1828,120.0
1363.3597,-962.0974,33.8124,120.0
1360.6947,-971.7137,32.5448,120.0
1358.6228,-983.7633,30.1725,120.0
1356.2466,-997.7521,28.0683,120.0
1354.9901,-1005.6187,27.1967,120.0
1352.8326,-1021.8808,26.5014,350.0
1352.0378,-1030.5454,26.2955,350.0
1351.5372,-1039.0370,26.1870,350.0
1351.0199,-1047.4150,26.4701,350.0
1350.4845,-1055.5562,26.6459,350.0
1349.8632,-1064.1455,26.2564,350.0
1349.0143,-1072.7819,25.3832,350.0
1348.0857,-1081.7628,24.5462,350.0
1347.1942,-1090.4989,24.1327,350.0
1346.2751,-1099.5742,23.8369,350.0
1345.3219,-1108.9332,23.7516,350.0
1344.3947,-1118.6287,23.6887,350.0
1343.7587,-1127.9507,23.6585,350.0
1343.1313,-1137.8101,23.6527,350.0
1342.6948,-1147.8170,23.6644,350.0
1342.3107,-1157.5293,23.6751,350.0
1342.0188,-1167.5875,23.7496,350.0
1341.8252,-1177.5428,23.3025,350.0
1341.6337,-1187.0309,21.3716,350.0
1341.4205,-1196.5037,19.5054,350.0
1341.3489,-1206.7690,17.5378,350.0
1341.2683,-1217.1093,15.6252,350.0
1341.2915,-1227.5459,13.9401,350.0
1341.3608,-1237.4200,13.4930,350.0
1341.5062,-1248.1289,13.4174,350.0
1341.5792,-1258.8307,13.3681,350.0
1341.6564,-1269.0406,13.3744,350.0
1341.9719,-1279.8510,13.3743,350.0
1342.2947,-1290.0898,13.5795,350.0
1342.3202,-1300.2950,13.5717,350.0
1342.1858,-1310.7806,13.4200,350.0
1342.0195,-1321.2985,13.3666,350.0
1341.8662,-1331.6010,13.3745,350.0
1341.7220,-1341.7939,13.3737,350.0
1341.5713,-1352.2705,13.3747,350.0
1341.5035,-1362.4088,13.3779,350.0
1341.4680,-1372.2738,13.4343,350.0
1341.4342,-1381.8657,13.4955,350.0
1341.3967,-1391.7854,13.4293,350.0
1341.3608,-1401.0642,13.2945,120.0
1341.3225,-1410.9845,13.3417,120.0
1341.2893,-1420.1855,13.3789,120.0
1340.9156,-1429.0292,13.3726,120.0
1339.9863,-1437.9349,13.3725,120.0
1338.9166,-1446.1223,13.3725,120.0
1335.5078,-1461.8458,13.3733,120.0
1330.8143,-1477.0625,13.3733,120.0
1326.6501,-1491.9736,13.3743,120.0
1324.6775,-1500.1515,13.3793,120.0
1322.6217,-1508.2142,13.5038,120.0
1318.9652,-1523.8385,13.3714,120.0
1315.4752,-1537.7994,13.3722,120.0
1313.2708,-1551.1082,13.3721,120.0
1314.1340,-1562.9567,13.3712,120.0
1320.4624,-1571.1527,13.3646,120.0
1330.1917,-1573.9497,13.3411,120.0
1341.3834,-1576.1511,13.3565,120.0
1353.7136,-1579.2865,13.3692,120.0
1366.1903,-1582.9401,13.3664,120.0
1379.8356,-1586.5214,13.3550,120.0
1394.5477,-1589.0707,13.3465,120.0
1409.9590,-1591.2793,13.3472,120.0
1425.6764,-1592.4659,13.3736,120.0
1433.7561,-1592.5259,13.3751,120.0
1442.3508,-1592.4774,13.3747,120.0
1450.5699,-1592.4358,13.3748,120.0
1459.0226,-1592.3920,13.3748,350.0
1468.0101,-1592.3430,13.3748,350.0
1477.0787,-1592.2933,13.3748,350.0
1485.8727,-1592.2458,13.3748,350.0
1494.7239,-1592.1981,13.3748,350.0
1504.1392,-1592.1473,13.3748,350.0
1513.7546,-1592.0964,13.3748,350.0
1522.8693,-1592.1644,13.3748,350.0
1532.1324,-1592.2694,13.3748,350.0
1542.0431,-1592.3821,13.3748,350.0
1551.9070,-1592.4688,13.3748,350.0
1561.5049,-1592.5287,13.3748,350.0
1571.2622,-1592.5885,13.3748,350.0
1580.7524,-1592.6477,13.3748,350.0
1591.1708,-1592.7129,13.3748,350.0
1601.6348,-1592.7781,13.4635,350.0
1611.5942,-1592.8402,13.5478,350.0
1622.2234,-1592.9067,13.5394,350.0
1632.9299,-1592.9739,13.5071,350.0
1643.6583,-1593.0415,13.4155,350.0
1654.3563,-1593.1080,13.3742,350.0
1664.6177,-1593.1711,13.3756,120.0
1675.3990,-1593.2386,13.3742,120.0
1685.8951,-1593.3043,13.3727,120.0
1696.4651,-1593.3998,13.3678,120.0
1706.7437,-1594.1953,13.3586,120.0
1717.4191,-1595.3546,13.3468,120.0
1728.0399,-1597.0143,13.3538,120.0
1738.1095,-1598.9850,13.3709,120.0
1748.1310,-1600.9698,13.3705,120.0
1758.6423,-1603.0352,13.3663,120.0
1768.7318,-1605.0629,13.3622,120.0
1779.1849,-1607.1836,13.3557,120.0
1789.2998,-1608.7638,13.3461,120.0
1799.5752,-1609.7554,13.3421,120.0
1810.3170,-1610.7378,13.3432,120.0
1821.0555,-1611.5873,13.3621,120.0
1831.2053,-1611.7542,13.3714,120.0
1841.7682,-1611.8110,13.3751,120.0
1852.0542,-1611.8043,13.3748,120.0
1862.1055,-1611.7565,13.3730,120.0
1872.0923,-1611.7020,13.3736,120.0
1882.0604,-1611.6472,13.3727,120.0
1891.4106,-1611.5967,13.3724,120.0
1900.5121,-1611.5481,13.3724,120.0
1914.7594,-1611.4709,13.3660,120.0
1926.2040,-1612.4323,13.3719,120.0
1935.3540,-1616.3727,13.3711,120.0
1940.7195,-1624.6847,13.3734,120.0
1942.8521,-1633.8069,13.3717,120.0
1942.2794,-1643.9697,13.3755,120.0
1941.1692,-1655.1974,13.3754,120.0
1940.5985,-1667.7388,13.3747,120.0
1940.6624,-1681.1265,13.3750,120.0
1940.7128,-1694.7933,13.3751,120.0
1940.8374,-1708.8352,13.3729,120.0
1941.2145,-1722.8894,13.3731,120.0
1942.1648,-1736.1741,13.3727,120.0
1943.8932,-1749.1105,13.3748,120.0
1947.3247,-1762.5260,13.4052,120.0
1952.7526,-1776.0573,13.5387,120.0
1958.2124,-1790.0056,13.3703,120.0
1959.4491,-1804.8457,13.3744,120.0
1959.8278,-1820.1072,13.3752,120.0
1960.2438,-1835.6992,13.3752,120.0
1960.6614,-1851.7557,13.3750,120.0
1960.8722,-1859.7750,13.3749,350.0
1961.0837,-1867.8663,13.3749,350.0
1961.4238,-1884.0111,13.3749,350.0
1961.5302,-1892.3423,13.3749,350.0
1961.6184,-1900.6699,13.3749,350.0
1961.3881,-1917.0084,13.3749,350.0
1961.2651,-1925.0743,13.3749,350.0
1961.0417,-1941.5339,13.3765,350.0
1960.9442,-1949.7213,13.6715,350.0
1960.8456,-1957.9215,13.7457,350.0
1960.7765,-1966.2847,13.5755,350.0
1960.8015,-1974.3279,13.3512,350.0
1960.8353,-1982.8359,13.3734,350.0
1960.8628,-1991.3185,13.3749,350.0
1960.8878,-1999.3763,13.3749,350.0
1960.9148,-2007.6320,13.3749,350.0
1960.9438,-2016.1631,13.3749,350.0
1960.9722,-2024.7356,13.3749,350.0
1961.0000,-2033.2710,13.3749,350.0
1961.0266,-2041.4211,13.3751,350.0
1961.0493,-2050.0120,13.3796,350.0
1961.0712,-2058.2244,13.3795,120.0
1961.0964,-2066.4626,13.3774,120.0
1961.1266,-2074.5513,13.3731,120.0
1961.3401,-2088.9883,13.3725,120.0
1965.8788,-2101.2341,13.3722,120.0
1974.9038,-2106.8623,13.3960,120.0
1985.9147,-2110.5781,13.3567,120.0
1998.2479,-2111.6379,13.3562,120.0
2010.8582,-2111.7463,13.3897,120.0
2024.5038,-2111.0730,13.3677,120.0
2039.1346,-2110.6433,13.3671,120.0
2054.9968,-2110.6152,13.3722,120.0
2070.3552,-2110.7109,13.3559,120.0
2084.6179,-2110.7500,13.3411,120.0
2097.5010,-2108.3625,13.3033,120.0
2107.4709,-2102.0112,13.5151,120.0
2115.5630,-2094.1304,13.5376,120.0
2122.8057,-2086.7971,13.5364,120.0
