X,Y,Z,Speed_kmh
2090.7576,-2091.8831,13.5364,120.0
2096.7690,-2085.9836,13.5382,120.0
2105.8362,-2089.9365,13.5342,120.0
2107.8005,-2099.0908,13.5385,120.0
2102.2673,-2108.5662,13.3272,120.0
2091.7039,-2109.9331,13.3271,120.0
2082.5720,-2109.6167,13.3480,120.0
2072.6538,-2108.6665,13.3755,120.0
2061.5620,-2108.0740,13.3670,120.0
2049.4863,-2108.7329,13.3475,120.0
2037.5885,-2109.4126,13.3661,120.0
2025.4871,-2110.1318,13.3787,120.0
2012.2943,-2110.5708,13.3994,120.0
1998.9153,-2110.7288,13.3733,120.0
1985.4048,-2110.9292,13.3531,120.0
1972.8381,-2110.5342,13.3688,120.0
1963.6776,-2105.7581,13.3692,120.0
1960.6807,-2097.8008,13.3694,120.0
1960.7000,-2088.6851,13.3755,120.0
1961.0013,-2078.2954,13.3758,120.0
1961.3398,-2066.7119,13.3759,120.0
1961.6665,-2054.1238,13.3894,350.0
1961.9458,-2041.1603,13.3758,350.0
1962.1251,-2027.3934,13.3751,350.0
1962.2218,-2013.5907,13.3752,350.0
1962.2401,-1998.6089,13.3752,350.0
1962.2231,-1983.4750,13.3752,350.0
1962.2080,-1967.7030,13.4771,350.0
1962.1749,-1959.7010,13.7276,350.0
1962.1289,-1951.6357,13.7370,350.0
1962.1338,-1935.9746,13.3601,350.0
1962.1451,-1927.6432,13.3747,350.0
1962.1555,-1919.3208,13.3749,350.0
1962.1642,-1911.3048,13.3749,350.0
1962.1731,-1903.1281,13.3749,350.0
1962.1827,-1894.8528,13.3749,350.0
1962.1926,-1886.5552,13.3749,350.0
1962.2020,-1878.3611,13.3749,350.0
1962.2118,-1869.9852,13.3749,350.0
1962.2212,-1861.9626,13.3749,350.0
1962.2308,-1853.4967,13.3749,350.0
1962.2404,-1845.3958,13.3749,350.0
1962.2502,-1836.9199,13.3750,120.0
1962.2688,-1820.9452,13.3736,120.0
1962.2782,-1812.8885,13.3741,120.0
1962.2920,-1797.6370,13.3725,120.0
1960.9009,-1783.8612,13.3731,120.0
1958.8345,-1770.3940,13.3743,120.0
1954.8182,-1758.5123,13.4456,120.0
1949.4919,-1746.6151,13.3938,120.0
1945.8169,-1733.6416,13.4501,120.0
1945.0012,-1719.9865,13.3738,120.0
1944.9868,-1705.1649,13.3750,120.0
1944.9940,-1689.2388,13.3751,120.0
1944.9116,-1673.0591,13.3748,120.0
1944.8445,-1665.0162,13.3748,120.0
1944.7760,-1656.5602,13.3740,120.0
1943.8402,-1640.8826,13.3726,120.0
1941.1567,-1626.9332,13.3709,120.0
1932.4266,-1617.1141,13.4352,120.0
1919.5457,-1613.3826,13.3669,120.0
1905.2605,-1611.0831,13.3749,120.0
1890.0880,-1611.0280,13.3747,120.0
1874.4911,-1611.5215,13.3750,120.0
1866.2544,-1611.6036,13.3749,120.0
1857.8910,-1611.6835,13.3748,120.0
1849.7756,-1611.7659,13.3748,120.0
1841.3951,-1611.8511,13.3748,120.0
1832.8689,-1611.7668,13.3746,120.0
1824.0432,-1611.5212,13.3659,120.0
1815.5952,-1611.2797,13.3677,120.0
1806.7594,-1610.6952,13.3561,120.0
1798.0786,-1609.4832,13.3430,120.0
1789.3741,-1608.1642,13.3461,120.0
1780.2583,-1606.6943,13.3547,120.0
1771.1508,-1605.0852,13.3614,120.0
1761.9988,-1603.2223,13.3652,120.0
1753.1576,-1601.4019,13.3680,120.0
1743.7932,-1599.4866,13.3718,120.0
1734.6429,-1597.6187,13.3679,120.0
1725.9376,-1595.9988,13.3523,120.0
1707.6097,-1593.7729,13.3579,120.0
1698.0090,-1592.6680,13.3676,120.0
1688.0044,-1592.2982,13.3701,120.0
1677.7837,-1592.3943,13.3747,120.0
1667.4281,-1592.4126,13.3750,120.0
1657.5551,-1592.3397,13.3788,350.0
1647.0204,-1592.2568,13.3877,350.0
1636.9475,-1592.1907,13.4666,350.0
1626.5592,-1592.1243,13.5414,350.0
1616.0775,-1592.0543,13.5400,350.0
1605.2792,-1591.9813,13.5154,350.0
1594.5161,-1591.9094,13.3903,350.0
1583.6770,-1591.8374,13.3707,350.0
1573.4689,-1591.7690,13.3744,350.0
1562.6252,-1591.6964,13.3745,350.0
1552.3933,-1591.6282,13.3745,350.0
1542.2197,-1591.6515,13.3744,350.0
1531.9392,-1591.7184,13.3745,350.0
1521.1726,-1591.7897,13.3744,350.0
1510.3993,-1591.8580,13.3745,350.0
1499.5901,-1591.9263,13.3745,350.0
1488.7546,-1591.9960,13.3745,350.0
1478.5022,-1592.0618,13.3745,350.0
1467.8021,-1592.1302,13.3744,350.0
1457.4144,-1592.1050,13.3744,350.0
1446.7113,-1591.9698,13.3744,350.0
1436.4199,-1591.8098,13.3744,120.0
1426.2256,-1591.4692,13.3733,120.0
1416.6666,-1591.1158,13.3532,120.0
1406.8650,-1590.7383,13.3424,120.0
1397.6494,-1589.6563,13.3427,120.0
1388.3164,-1588.0898,13.3479,120.0
1379.9008,-1586.6620,13.3524,120.0
1371.4890,-1585.0117,13.3577,120.0
1357.1859,-1582.0209,13.3678,120.0
1344.3530,-1579.1189,13.3576,120.0
1332.6687,-1576.3219,13.3435,120.0
1322.4929,-1571.9574,13.3615,120.0
1315.7529,-1565.3500,13.3698,120.0
1315.0642,-1557.0939,13.3727,120.0
1315.8315,-1547.4255,13.3756,120.0
1318.4677,-1536.7670,13.3746,120.0
1323.0134,-1526.1179,13.3750,120.0
1328.8904,-1514.7356,13.3750,120.0
1335.0892,-1502.6566,13.3750,120.0
1341.7571,-1489.5629,13.3750,120.0
1347.4856,-1475.7374,13.3750,120.0
1352.1160,-1460.5471,13.3743,120.0
1355.3464,-1444.4719,13.3740,120.0
1355.8495,-1435.9803,13.3740,120.0
1356.0034,-1427.6603,13.3746,120.0
1355.9960,-1418.9504,13.3747,120.0
1355.9923,-1410.2255,13.3359,350.0
1356.2557,-1401.4357,13.2739,350.0
1356.6007,-1392.7147,13.3881,350.0
1356.8949,-1383.9775,13.5116,350.0
1356.9149,-1375.1052,13.4575,350.0
1356.8956,-1365.6483,13.3971,350.0
1356.8868,-1356.0260,13.3714,350.0
1356.8817,-1346.3313,13.3748,350.0
1356.8739,-1336.9773,13.3748,350.0
1356.8643,-1327.1096,13.3748,350.0
1356.8558,-1317.6012,13.3748,350.0
1356.8472,-1307.4867,13.3209,350.0
1356.8401,-1297.8337,13.2408,350.0
1356.8651,-1287.5717,13.2332,350.0
1356.8792,-1277.1431,13.3409,350.0
1356.8298,-1266.8356,13.3804,350.0
1356.8000,-1256.6343,13.3750,350.0
1356.8145,-1245.9546,13.3764,350.0
1356.8247,-1236.3977,13.3808,350.0
1356.8197,-1225.7119,13.9214,350.0
1356.8217,-1215.8881,15.8170,350.0
1356.8319,-1206.2828,17.5874,350.0
1356.8365,-1196.9705,19.3356,350.0
1356.8195,-1187.8298,21.0106,350.0
1356.8125,-1178.4807,22.6931,350.0
1356.8268,-1169.2438,24.0818,350.0
1356.8417,-1160.6367,23.8207,350.0
1356.8728,-1151.5771,23.6401,350.0
1357.0878,-1142.8429,23.6568,350.0
1357.7186,-1133.5791,23.6515,350.0
1358.4878,-1124.7177,23.6698,350.0
1359.7405,-1115.3185,23.7103,350.0
1360.9865,-1106.3223,23.8098,350.0
1362.2974,-1096.7531,23.9790,350.0
1363.5321,-1087.6752,24.4342,350.0
1364.7435,-1078.5664,25.0934,350.0
1365.9861,-1069.0952,26.0021,350.0
1367.1801,-1059.8033,26.6415,350.0
1368.1287,-1050.5431,26.5758,350.0
1368.8534,-1041.4637,26.2237,350.0
1369.5358,-1032.3149,26.1578,350.0
1370.2704,-1023.0998,26.5610,120.0
1371.0630,-1013.3920,26.7246,120.0
1371.7888,-1004.2740,27.5280,120.0
1372.6245,-995.1901,28.7579,120.0
1374.9413,-980.0422,31.5942,120.0
1376.9197,-966.5797,33.6014,120.0
1375.3573,-954.7789,34.1699,120.0
1368.6493,-945.7137,34.1758,120.0
1358.8206,-938.9775,34.1793,120.0
1347.2201,-934.4434,34.8744,120.0
1334.8982,-931.5194,35.9357,120.0
1322.5835,-930.4556,37.2722,120.0
1309.8282,-929.8712,38.6111,120.0
1297.3527,-929.5092,39.9913,120.0
1284.9144,-929.5239,41.5018,120.0
1271.8688,-930.0844,42.1858,120.0
1258.4430,-931.0345,42.5800,120.0
1244.3280,-933.0060,42.5342,120.0
1229.0945,-935.1502,42.5425,120.0
1214.0103,-938.0063,42.6812,120.0
1198.4358,-940.9905,42.7390,350.0
1190.1085,-942.4511,42.7483,350.0
1181.9098,-943.7982,42.7571,350.0
1173.3147,-945.2097,42.7836,350.0
1164.9852,-946.1757,42.9775,350.0
1156.2878,-946.8668,42.9275,350.0
1147.3956,-947.6464,42.7118,350.0
1138.3245,-948.3899,42.5989,350.0
1129.5327,-949.0133,42.5970,350.0
1120.0892,-949.6608,42.6055,350.0
1110.9557,-950.3105,42.6138,350.0
1101.3851,-951.0128,42.6005,350.0
1092.0728,-951.6774,42.5941,350.0
1082.1954,-952.3605,42.5829,350.0
1072.2782,-953.0510,42.5997,350.0
1062.5393,-953.7914,42.6775,350.0
1053.6875,-954.5242,42.6717,350.0
1044.7612,-955.5830,42.6149,350.0
1036.6448,-956.6265,42.5161,350.0
1028.0676,-957.7473,42.3683,350.0
1019.7940,-958.8101,42.2239,350.0
1011.4014,-959.8826,41.8242,120.0
1003.2234,-960.9304,41.3873,120.0
987.5554,-962.9716,40.0432,120.0
979.5861,-964.0771,39.5666,120.0
964.3586,-964.8175,39.0258,120.0
949.7476,-965.0758,38.6774,120.0
936.7965,-965.3687,38.3473,120.0
924.9720,-965.4748,38.2158,120.0
914.4903,-965.7696,38.2149,120.0
904.7348,-966.3922,38.0341,120.0
895.8262,-967.6410,37.4105,120.0
885.8707,-973.9551,36.9173,120.0
878.8492,-979.1757,36.3331,120.0
875.3504,-989.4206,35.3808,120.0
881.3229,-995.9495,35.5089,120.0
891.0386,-993.6575,36.5322,120.0
898.2736,-989.2833,37.1976,120.0
906.9898,-985.1465,37.6413,120.0
917.1450,-981.9340,38.0697,120.0
928.7194,-979.1260,38.2127,120.0
941.3440,-976.4417,38.4118,120.0
954.6775,-974.0657,38.7443,120.0
968.5750,-971.6153,39.1349,350.0
982.9343,-969.0557,39.6220,350.0
997.3694,-966.4672,40.9738,350.0
1012.5733,-963.9559,41.8478,350.0
1028.1080,-961.9223,42.3649,350.0
1036.2990,-960.8431,42.4969,350.0
1052.1635,-958.7531,42.5868,350.0
1060.4108,-957.6683,42.5858,350.0
1069.0355,-956.5334,42.5858,350.0
1077.3647,-955.5271,42.5756,350.0
1086.3109,-954.8326,42.4665,350.0
1095.3945,-954.1507,42.4723,350.0
1104.5031,-953.3860,42.5277,350.0
1113.4093,-952.6432,42.5934,350.0
1122.7327,-951.9216,42.5881,350.0
1132.1516,-951.1219,42.5849,350.0
1141.5179,-950.1794,42.6076,350.0
1150.8215,-949.2170,42.7700,350.0
1159.9740,-947.9559,43.0195,350.0
1169.4672,-946.2822,42.8699,350.0
1178.9663,-944.5104,42.7425,350.0
1188.3507,-942.7021,42.7505,350.0
1198.3441,-940.8498,42.7386,350.0
1207.9165,-939.0958,42.7268,350.0
1218.0518,-937.2177,42.6469,350.0
1227.8990,-935.3856,42.5570,120.0
1238.2164,-933.6521,42.4940,120.0
1248.7323,-932.0401,42.5536,120.0
1258.7466,-930.8660,42.5879,120.0
1268.9709,-930.8568,42.2795,120.0
1278.8883,-931.2838,41.9319,120.0
1288.0963,-931.6489,41.2381,120.0
1297.0614,-931.8669,40.0603,120.0
1306.3157,-932.1072,39.0018,120.0
1315.0907,-932.3993,38.0563,120.0
1323.6421,-932.6621,37.1178,120.0
1338.5503,-933.0547,35.6160,120.0
1352.4032,-935.2579,34.4156,120.0
1363.0854,-942.0184,34.1725,120.0
1366.6672,-952.6581,34.1828,120.0
1363.3597,-962.0974,33.8124,120.0
1360.6947,-971.7137,32.5448,120.0
1358.6228,-983.7633,30.1725,120.0
1356.2466,-997.7521,28.0683,120.0
1354.9901,-1005.6187,27.1967,120.0
1352.8326,-1021.8808,26.5014,350.0
1352.0378,-1030.5454,26.2955,350.0
1351.5372,-1039.0370,26.1870,350.0
1351.0199,-1047.4150,26.4701,350.0
1350.4845,-1055.5562,26.6459,350.0
1349.8632,-1064.1455,26.2564,350.0
1349.0143,-1072.7819,25.3832,350.0
1348.0857,-1081.7628,24.5462,350.0
1347.1942,-1090.4989,24.1327,350.0
1346.2751,-1099.5742,23.8369,350.0
1345.3219,-1108.9332,23.7516,350.0
1344.3947,-1118.6287,23.6887,350.0
1343.7587,-1127.9507,23.6585,350.0
1343.1313,-1137.8101,23.6527,350.0
1342.6948,-1147.8170,23.6644,350.0
1342.3107,-1157.5293,23.6751,350.0
1342.0188,-1167.5875,23.7496,350.0
1341.8252,-1177.5428,23.3025,350.0
1341.6337,-1187.0309,21.3716,350.0
1341.4205,-1196.5037,19.5054,350.0
1341.3489,-1206.7690,17.5378,350.0
1341.2683,-1217.1093,15.6252,350.0
1341.2915,-1227.5459,13.9401,350.0
1341.3608,-1237.4200,13.4930,350.0
1341.5062,-1248.1289,13.4174,350.0
1341.5792,-1258.8307,13.3681,350.0
1341.6564,-1269.0406,13.3744,350.0
1341.9719,-1279.8510,13.3743,350.0
1342.2947,-1290.0898,13.5795,350.0
1342.3202,-1300.2950,13.5717,350.0
1342.1858,-1310.7806,13.4200,350.0
1342.0195,-1321.2985,13.3666,350.0
1341.8662,-1331.6010,13.3745,350.0
1341.7220,-1341.7939,13.3737,350.0
1341.5713,-1352.2705,13.3747,350.0
1341.5035,-1362.4088,13.3779,350.0
1341.4680,-1372.2738,13.4343,350.0
1341.4342,-1381.8657,13.4955,350.0
1341.3967,-1391.7854,13.4293,350.0
1341.3608,-1401.0642,13.2945,120.0
1341.3225,-1410.9845,13.3417,120.0
1341.2893,-1420.1855,13.3789,120.0
1340.9156,-1429.0292,13.3726,120.0
1339.9863,-1437.9349,13.3725,120.0
1338.9166,-1446.1223,13.3725,120.0
1335.5078,-1461.8458,13.3733,120.0
1330.8143,-1477.0625,13.3733,120.0
1326.6501,-1491.9736,13.3743,120.0
1324.6775,-1500.1515,13.3793,120.0
1322.6217,-1508.2142,13.5038,120.0
1318.9652,-1523.8385,13.3714,120.0
1315.4752,-1537.7994,13.3722,120.0
1313.2708,-1551.1082,13.3721,120.0
1314.1340,-1562.9567,13.3712,120.0
1320.4624,-1571.1527,13.3646,120.0
1330.1917,-1573.9497,13.3411,120.0
1341.3834,-1576.1511,13.3565,120.0
1353.7136,-1579.2865,13.3692,120.0
1366.1903,-1582.9401,13.3664,120.0
1379.8356,-1586.5214,13.3550,120.0
1394.5477,-1589.0707,13.3465,120.0
1409.9590,-1591.2793,13.3472,120.0
1425.6764,-1592.4659,13.3736,120.0
1433.7561,-1592.5259,13.3751,120.0
1442.3508,-1592.4774,13.3747,120.0
1450.5699,-1592.4358,13.3748,120.0
1459.0226,-1592.3920,13.3748,350.0
1468.0101,-1592.3430,13.3748,350.0
1477.0787,-1592.2933,13.3748,350.0
1485.8727,-1592.2458,13.3748,350.0
1494.7239,-1592.1981,13.3748,350.0
1504.1392,-1592.1473,13.3748,350.0
1513.7546,-1592.0964,13.3748,350.0
1522.8693,-1592.1644,13.3748,350.0
1532.1324,-1592.2694,13.3748,350.0
1542.0431,-1592.3821,13.3748,350.0
1551.9070,-1592.4688,13.3748,350.0
1561.5049,-1592.5287,13.3748,350.0
1571.2622,-1592.5885,13.3748,350.0
1580.7524,-1592.6477,13.3748,350.0
1591.1708,-1592.7129,13.3748,350.0
1601.6348,-1592.7781,13.4635,350.0
1611.5942,-1592.8402,13.5478,350.0
1622.2234,-1592.9067,13.5394,350.0
1632.9299,-1592.9739,13.5071,350.0
1643.6583,-1593.0415,13.4155,350.0
1654.3563,-1593.1080,13.3742,350.0
1664.6177,-1593.1711,13.3756,120.0
1675.3990,-1593.2386,13.3742,120.0
1685.8951,-1593.3043,13.3727,120.0
1696.4651,-1593.3998,13.3678,120.0
1706.7437,-1594.1953,13.3586,120.0
1717.4191,-1595.3546,13.3468,120.0
1728.0399,-1597.0143,13.3538,120.0
1738.1095,-1598.9850,13.3709,120.0
1748.1310,-1600.9698,13.3705,120.0
1758.6423,-1603.0352,13.3663,120.0
1768.7318,-1605.0629,13.3622,120.0
1779.1849,-1607.1836,13.3557,120.0
1789.2998,-1608.7638,13.3461,120.0
1799.5752,-1609.7554,13.3421,120.0
1810.3170,-1610.7378,13.3432,120.0
1821.0555,-1611.5873,13.3621,120.0
1831.2053,-1611.7542,13.3714,120.0
1841.7682,-1611.8110,13.3751,120.0
1852.0542,-1611.8043,13.3748,120.0
1862.1055,-1611.7565,13.3730,120.0
1872.0923,-1611.7020,13.3736,120.0
1882.0604,-1611.6472,13.3727,120.0
1891.4106,-1611.5967,13.3724,120.0
1900.5121,-1611.5481,13.3724,120.0
1914.7594,-1611.4709,13.3660,120.0
1926.2040,-1612.4323,13.3719,120.0
1935.3540,-1616.3727,13.3711,120.0
1940.7195,-1624.6847,13.3734,120.0
1942.8521,-1633.8069,13.3717,120.0
1942.2794,-1643.9697,13.3755,120.0
1941.1692,-1655.1974,13.3754,120.0
1940.5985,-1667.7388,13.3747,120.0
1940.6624,-1681.1265,13.3750,120.0
1940.7128,-1694.7933,13.3751,120.0
1940.8374,-1708.8352,13.3729,120.0
1941.2145,-1722.8894,13.3731,120.0
1942.1648,-1736.1741,13.3727,120.0
1943.8932,-1749.1105,13.3748,120.0
1947.3247,-1762.5260,13.4052,120.0
1952.7526,-1776.0573,13.5387,120.0
1958.2124,-1790.0056,13.3703,120.0
1959.4491,-1804.8457,13.3744,120.0
1959.8278,-1820.1072,13.3752,120.0
1960.2438,-1835.6992,13.3752,120.0
1960.6614,-1851.7557,13.3750,120.0
1960.8722,-1859.7750,13.3749,350.0
1961.0837,-1867.8663,13.3749,350.0
1961.4238,-1884.0111,13.3749,350.0
1961.5302,-1892.3423,13.3749,350.0
1961.6184,-1900.6699,13.3749,350.0
1961.3881,-1917.0084,13.3749,350.0
1961.2651,-1925.0743,13.3749,350.0
1961.0417,-1941.5339,13.3765,350.0
1960.9442,-1949.7213,13.6715,350.0
1960.8456,-1957.9215,13.7457,350.0
1960.7765,-1966.2847,13.5755,350.0
1960.8015,-1974.3279,13.3512,350.0
1960.8353,-1982.8359,13.3734,350.0
1960.8628,-1991.3185,13.3749,350.0
1960.8878,-1999.3763,13.3749,350.0
1960.9148,-2007.6320,13.3749,350.0
1960.9438,-2016.1631,13.3749,350.0
1960.9722,-2024.7356,13.3749,350.0
1961.0000,-2033.2710,13.3749,350.0
1961.0266,-2041.4211,13.3751,350.0
1961.0493,-2050.0120,13.3796,350.0
1961.0712,-2058.2244,13.3795,120.0
1961.0964,-2066.4626,13.3774,120.0
1961.1266,-2074.5513,13.3731,120.0
1961.3401,-2088.9883,13.3725,120.0
1965.8788,-2101.2341,13.3722,120.0
1974.9038,-2106.8623,13.3960,120.0
1985.9147,-2110.5781,13.3567,120.0
1998.2479,-2111.6379,13.3562,120.0
2010.8582,-2111.7463,13.3897,120.0
2024.5038,-2111.0730,13.3677,120.0
2039.1346,-2110.6433,13.3671,120.0
2054.9968,-2110.6152,13.3722,120.0
2070.3552,-2110.7109,13.3559,120.0
2084.6179,-2110.7500,13.3411,120.0
2097.5010,-2108.3625,13.3033,120.0
2107.4709,-2102.0112,13.5151,120.0
2115.5630,-2094.1304,13.5376,120.0
2122.8057,-2086.7971,13.5364,120.0
