X,Y,Z,Speed_kmh
2090.6040,-2092.0889,13.5372,0.0
2097.5486,-2085.6226,13.5379,110.0
2106.6689,-2088.5291,13.5366,110.0
2111.8782,-2095.3154,13.5366,110.0
2107.7363,-2105.2263,13.4944,110.0
2100.2527,-2109.9509,13.3131,110.0
2088.2568,-2109.5552,13.3354,310.0
2078.4067,-2109.3677,13.3610,310.0
2066.8784,-2109.1492,13.3755,310.0
2054.9114,-2108.8970,13.3541,310.0
2043.0961,-2108.6951,13.3513,310.0
2030.5359,-2108.7742,13.3821,310.0
2017.2524,-2108.8206,13.4045,310.0
2003.6499,-2108.8755,13.3903,310.0
1989.6105,-2108.9019,13.3547,310.0
1975.1534,-2108.9712,13.3644,110.0
1962.7582,-2111.9658,13.3702,110.0
1955.3627,-2120.4536,13.4724,110.0
1954.9146,-2129.9817,13.5383,110.0
1951.8704,-2139.7786,13.5358,110.0
1945.4631,-2148.4390,13.5496,110.0
1936.4102,-2155.7729,13.5404,310.0
1924.9534,-2161.4663,13.5090,310.0
1912.6154,-2164.8882,13.3718,310.0
1899.6967,-2165.9114,13.3742,310.0
1885.5951,-2165.5247,13.3758,310.0
1870.4148,-2165.1404,13.3750,310.0
1854.7424,-2164.7334,13.3751,310.0
1846.5302,-2164.5215,13.3749,310.0
1830.0723,-2164.0979,13.3748,310.0
1821.4478,-2164.1411,13.3746,310.0
1813.1392,-2164.2771,13.3747,310.0
1804.2003,-2164.4233,13.3748,310.0
1795.5903,-2164.5571,13.3748,310.0
1786.9927,-2164.6907,13.3748,310.0
1778.2194,-2164.8350,13.3748,310.0
1768.8678,-2164.9900,13.3748,310.0
1759.9028,-2165.1375,13.3748,310.0
1750.7972,-2165.2871,13.3755,310.0
1741.5732,-2165.4392,13.4094,310.0
1731.9409,-2165.6006,13.7271,310.0
1722.6759,-2165.7546,14.0572,310.0
1712.9045,-2165.8938,14.7366,310.0
1703.2223,-2165.9121,15.4513,310.0
1693.5752,-2165.9155,16.3882,310.0
1684.5159,-2165.4382,17.3002,310.0
1675.0574,-2164.6353,18.3585,310.0
1665.7909,-2163.8481,19.4140,310.0
1656.5942,-2163.0879,20.5555,310.0
1648.0367,-2161.8179,21.6617,310.0
1639.3890,-2159.8469,22.8225,310.0
1630.9683,-2157.3022,24.0211,310.0
1623.0015,-2154.0725,25.1880,310.0
1615.1693,-2150.6943,26.3344,310.0
1601.8647,-2142.1748,28.4102,310.0
1595.3717,-2137.5476,29.3957,310.0
1588.9883,-2132.6729,30.3569,310.0
1577.2820,-2123.2363,31.8855,310.0
1567.0767,-2111.8430,33.0460,310.0
1557.1581,-2100.1509,33.7699,310.0
1549.3179,-2086.7051,34.0110,310.0
1545.3951,-2079.5540,33.7748,310.0
1539.6157,-2064.1814,33.0036,310.0
1537.0730,-2055.7756,32.3854,310.0
1534.5519,-2047.1567,31.5785,310.0
1532.6978,-2038.3009,30.6402,310.0
1531.9822,-2029.1132,29.6157,310.0
1531.4613,-2019.3536,28.3826,310.0
1530.8984,-2009.6936,27.1238,310.0
1530.7155,-2000.4635,25.7905,310.0
1530.8805,-1991.1245,24.4523,310.0
1531.0465,-1981.5259,23.0999,310.0
1531.1510,-1972.0101,22.0077,310.0
1531.1830,-1962.3667,20.9008,310.0
1531.1063,-1953.1578,19.6695,310.0
1531.0206,-1943.7944,18.3991,310.0
1530.9373,-1934.4968,17.1961,310.0
1530.8541,-1925.1196,15.9976,310.0
1530.7728,-1916.0120,14.9602,310.0
1530.6958,-1907.4102,14.3248,310.0
1530.5533,-1893.8771,13.8185,110.0
1527.9922,-1881.6490,13.3799,110.0
1522.2098,-1873.0072,13.3699,110.0
1513.6742,-1870.6329,13.3693,110.0
1504.2998,-1871.6829,13.3744,110.0
1493.1161,-1871.5449,13.3757,310.0
1481.0143,-1871.4781,13.3752,310.0
1467.6019,-1871.3851,13.3750,310.0
1453.6691,-1871.2936,13.3750,310.0
1439.0079,-1871.1956,13.3750,310.0
1423.5482,-1871.0927,13.3752,310.0
1415.3427,-1871.0383,13.3761,310.0
1398.9584,-1870.9294,13.3748,310.0
1390.6354,-1870.8738,13.3748,310.0
1382.1234,-1870.7914,13.3748,310.0
1373.8046,-1869.8384,13.3736,310.0
1365.8181,-1867.3131,13.3715,310.0
1357.6442,-1863.7400,13.3742,310.0
1349.7445,-1860.2368,13.3746,310.0
1341.2156,-1856.8376,13.3745,310.0
1332.2043,-1854.8405,13.3727,310.0
1323.3773,-1853.6951,13.3742,310.0
1314.2048,-1853.2743,13.3744,310.0
1304.9094,-1853.1144,13.3746,310.0
1295.6477,-1852.9830,13.3748,310.0
1286.4657,-1852.8466,13.3748,310.0
1276.5167,-1852.6990,13.3748,310.0
1267.0432,-1852.5607,13.3755,310.0
1257.1088,-1852.4158,13.3749,310.0
1246.9600,-1852.2721,13.3748,310.0
1236.7421,-1852.2072,13.3748,310.0
1226.8700,-1852.1598,13.3748,310.0
1216.3966,-1852.1086,13.3748,310.0
1206.3394,-1852.0576,13.3748,310.0
1195.7588,-1852.0248,13.3834,310.0
1185.1144,-1852.0220,13.3914,310.0
1174.8779,-1852.0220,13.3905,310.0
1164.6715,-1852.0199,13.3895,310.0
1154.2949,-1852.0175,13.3790,310.0
1144.3074,-1852.0155,13.3727,310.0
1134.7017,-1852.0133,13.3724,310.0
1125.6023,-1852.0110,13.3724,310.0
1117.2531,-1852.0092,13.3724,310.0
1101.2814,-1851.7577,13.3723,110.0
1087.6075,-1846.5228,13.4106,110.0
1076.1820,-1838.3817,13.5588,310.0
1064.4092,-1829.8456,13.6364,310.0
1052.4225,-1819.7930,13.6091,310.0
1046.1217,-1814.7377,13.5759,310.0
1039.4325,-1810.0055,13.6519,310.0
1032.8180,-1805.4285,13.7049,310.0
1018.5663,-1797.8884,13.9191,310.0
1010.6379,-1794.6536,14.0026,310.0
1002.3809,-1791.9427,14.0502,310.0
994.1090,-1789.3896,14.0587,310.0
985.7988,-1787.0952,14.0722,310.0
977.4462,-1784.8263,14.0850,310.0
968.5725,-1782.5679,14.0990,310.0
959.9121,-1780.9757,14.1109,310.0
950.6896,-1779.3787,13.9952,310.0
941.2971,-1777.7373,13.7392,310.0
932.1865,-1776.1364,13.5034,310.0
922.6060,-1774.5115,13.3547,310.0
912.7089,-1773.6934,13.3736,310.0
902.9663,-1773.1521,13.3746,310.0
893.0483,-1772.5929,13.3748,310.0
882.8547,-1772.0245,13.3748,310.0
873.1110,-1771.5931,13.3747,310.0
862.6884,-1771.1560,13.3748,310.0
852.1865,-1770.7288,13.3752,310.0
841.6644,-1770.3235,13.3801,310.0
831.2397,-1769.9246,13.3851,310.0
820.7006,-1769.5217,13.3901,310.0
810.1211,-1769.1166,13.3899,310.0
800.3162,-1768.7306,13.4443,310.0
790.8766,-1768.2263,13.2632,310.0
781.0161,-1767.4941,13.0468,310.0
771.3366,-1766.7485,12.8578,310.0
761.5983,-1765.3136,12.8267,310.0
751.6346,-1763.4846,12.8152,310.0
742.2150,-1761.5472,13.3244,310.0
732.3965,-1759.2039,14.2387,310.0
723.0381,-1757.0320,14.5030,310.0
713.9876,-1754.7402,14.4611,310.0
704.9891,-1751.7922,13.9820,310.0
696.3449,-1748.6429,13.4109,310.0
688.2380,-1745.8739,13.2232,310.0
680.2191,-1743.2036,13.3456,310.0
672.0312,-1740.4742,13.4273,310.0
664.1433,-1737.8461,13.4976,310.0
649.4138,-1732.9481,13.6110,310.0
637.9887,-1725.2379,13.9237,310.0
630.0125,-1714.4773,14.1340,310.0
622.2731,-1703.7783,14.7803,310.0
614.1615,-1692.5403,15.8741,310.0
604.6259,-1681.3710,16.0855,110.0
594.2229,-1672.6161,16.1572,110.0
581.2593,-1669.6310,16.8763,110.0
567.8592,-1669.1309,17.9346,310.0
554.4412,-1668.5854,18.4525,110.0
543.8542,-1663.2266,18.5184,110.0
538.2224,-1653.2179,18.2910,110.0
534.3690,-1641.4302,17.5068,110.0
531.9020,-1628.1968,16.7648,310.0
528.9464,-1614.0430,16.2659,310.0
524.8749,-1599.0271,15.9874,310.0
522.1938,-1591.3195,16.0016,310.0
518.1458,-1584.1508,15.9886,310.0
508.8818,-1570.6267,16.1635,310.0
504.0359,-1563.6096,16.4444,310.0
500.0101,-1556.1417,17.0411,310.0
496.3964,-1548.4777,17.7848,310.0
492.9792,-1541.2244,18.5485,310.0
488.1471,-1527.0687,19.7396,310.0
485.3811,-1513.0435,20.3192,310.0
485.3570,-1498.2715,20.2768,310.0
488.8588,-1483.2981,19.6623,310.0
492.8243,-1468.9716,18.4937,110.0
498.9780,-1456.5406,16.9255,310.0
505.8503,-1444.5439,14.8127,110.0
516.5472,-1438.5715,15.2839,110.0
527.2427,-1436.4938,15.7169,110.0
534.9163,-1439.5508,15.6024,110.0
536.4695,-1449.6978,15.1945,110.0
536.1567,-1458.8401,14.9147,110.0
536.8359,-1469.4777,14.6862,310.0
537.5419,-1481.6511,14.4200,310.0
538.1285,-1495.2360,14.2950,310.0
538.2579,-1509.1897,14.3760,310.0
537.6508,-1523.8636,14.4758,310.0
537.0323,-1539.2125,14.9602,310.0
536.5455,-1555.0388,15.4622,310.0
536.3618,-1570.5702,15.9015,310.0
536.5413,-1578.7438,16.0081,310.0
536.8978,-1594.6848,15.9998,310.0
537.0792,-1602.9282,16.0093,310.0
537.2604,-1611.0569,16.1922,310.0
537.4520,-1619.8123,16.4654,310.0
537.6310,-1628.0076,16.7765,310.0
537.8112,-1636.1616,17.1796,110.0
540.1920,-1650.8234,18.1006,110.0
545.5786,-1662.2567,18.5311,110.0
554.8572,-1668.4918,18.4428,110.0
566.6221,-1671.0126,17.9610,310.0
579.6044,-1674.4144,16.9987,110.0
592.4310,-1680.2716,16.3061,310.0
605.2244,-1687.3539,16.0777,310.0
614.1024,-1697.4962,15.5283,310.0
622.0386,-1709.1686,14.5240,310.0
631.3399,-1721.6112,13.8880,310.0
642.8235,-1733.0486,13.5112,310.0
648.8181,-1739.0901,13.3597,310.0
655.5607,-1744.4683,13.5103,310.0
662.5751,-1748.8541,13.5174,310.0
670.0169,-1753.3812,13.4362,310.0
677.8861,-1757.4302,13.3389,310.0
686.2572,-1760.7190,13.2493,310.0
694.3534,-1763.6472,13.4513,310.0
703.0317,-1766.1960,13.9107,310.0
711.4534,-1768.6545,14.1583,310.0
720.1265,-1771.1360,14.1043,310.0
728.7948,-1773.5293,14.0104,310.0
737.8629,-1775.7999,13.3277,310.0
746.6107,-1777.8953,12.8086,310.0
756.1895,-1779.9689,12.8194,310.0
765.9701,-1780.9457,12.8490,310.0
775.8735,-1781.6902,12.9902,310.0
785.9041,-1782.4738,13.1191,310.0
796.0057,-1782.7637,13.2444,310.0
805.6976,-1782.8795,13.4095,310.0
815.8699,-1782.9922,13.6050,310.0
825.6547,-1783.2048,13.6880,310.0
836.0246,-1783.5865,13.7391,310.0
846.4374,-1783.9587,13.7616,310.0
856.4452,-1784.3069,13.7722,310.0
866.6449,-1784.9388,13.6897,310.0
877.2218,-1785.6621,13.6071,310.0
887.4125,-1786.3535,13.5281,310.0
898.1903,-1787.0734,13.4444,310.0
908.9001,-1787.7915,13.3704,310.0
919.2643,-1788.4999,13.3710,310.0
929.6673,-1789.7050,13.4344,310.0
938.9066,-1790.9307,13.7097,310.0
948.6094,-1792.2273,13.9771,310.0
957.7158,-1794.1793,14.1295,310.0
966.3484,-1797.1696,14.0941,310.0
974.5667,-1800.2212,14.0807,310.0
982.4378,-1803.0691,14.0662,310.0
990.4202,-1805.8584,14.0525,310.0
1005.2602,-1809.9812,14.0360,310.0
1019.3093,-1815.0189,13.9519,310.0
1032.6207,-1821.3334,13.6833,310.0
1045.1846,-1828.2158,13.5525,310.0
1057.8530,-1834.9846,13.5113,310.0
1071.4391,-1841.2390,13.5213,310.0
1086.6993,-1846.4563,13.5334,310.0
1094.3992,-1849.2538,13.4167,310.0
1109.8971,-1851.9598,13.3735,310.0
1118.2947,-1852.4963,13.3746,310.0
1126.8285,-1852.3666,13.3744,310.0
1135.3965,-1852.1295,13.3747,310.0
1143.8198,-1851.9312,13.3748,310.0
1152.2228,-1851.8280,13.3781,310.0
1161.2365,-1851.7268,13.3871,310.0
1170.3625,-1851.6168,13.3910,310.0
1179.0925,-1851.5103,13.3905,310.0
1188.4884,-1851.3975,13.3904,310.0
1197.9694,-1851.2838,13.3817,310.0
1207.5508,-1851.1687,13.3739,310.0
1217.2523,-1851.0519,13.3748,310.0
1227.0709,-1850.9340,13.3748,310.0
1236.9398,-1850.8354,13.3748,310.0
1246.4794,-1851.1477,13.3745,310.0
1256.5090,-1851.5858,13.3747,310.0
1266.6931,-1852.0272,13.3748,310.0
1276.4913,-1852.4417,13.3749,310.0
1286.5400,-1852.8680,13.3748,310.0
1296.7419,-1853.3038,13.3748,310.0
1306.6461,-1853.7266,13.3733,310.0
1316.7789,-1854.1599,13.3745,310.0
1327.0717,-1855.2729,13.3741,310.0
1336.8591,-1858.0903,13.3712,310.0
1345.6080,-1861.6898,13.3726,310.0
1354.5977,-1865.0645,13.3725,310.0
1364.0597,-1867.0120,13.3720,310.0
1373.8099,-1868.4257,13.3746,310.0
1383.0779,-1869.7974,13.3746,310.0
1392.9470,-1870.8445,13.3745,310.0
1402.4973,-1871.3313,13.3743,310.0
1412.2205,-1871.7788,13.3748,310.0
1422.3202,-1872.2708,13.3748,310.0
1432.1566,-1872.4022,13.3745,310.0
1442.4908,-1872.0168,13.3744,310.0
1452.2542,-1871.6095,13.3740,310.0
1462.2100,-1871.2451,13.3725,310.0
1471.4296,-1870.9390,13.3724,310.0
1480.0007,-1870.6997,13.3724,310.0
1488.3403,-1870.5121,13.3724,310.0
1496.6960,-1870.3286,13.3723,310.0
1510.8534,-1870.0636,13.3721,110.0
1522.8446,-1873.5042,13.3697,110.0
1529.5199,-1882.1589,13.3870,110.0
1531.0665,-1892.6559,13.7747,110.0
1530.7858,-1904.1940,14.2259,310.0
1530.0491,-1916.6947,15.0491,310.0
1529.7704,-1929.4843,16.5584,310.0
1529.7494,-1941.9708,18.1595,310.0
1529.7776,-1954.0944,19.7934,310.0
1529.8014,-1966.3394,21.3733,310.0
1529.8276,-1979.0652,22.8218,310.0
1529.8528,-1991.3641,24.4883,310.0
1529.8778,-2003.5837,26.2381,310.0
1530.5214,-2015.8584,27.9561,310.0
1532.1476,-2027.4354,29.3890,310.0
1533.7760,-2039.4650,30.7780,310.0
1536.2122,-2051.3809,32.0237,310.0
1540.3311,-2063.2415,32.9461,310.0
1544.7583,-2075.3289,33.6886,310.0
1550.4771,-2087.0701,34.0033,310.0
1557.9442,-2099.0818,33.7754,310.0
1566.2129,-2111.2603,33.1260,310.0
1571.1670,-2117.5286,32.5596,310.0
1576.5752,-2123.5764,31.9286,310.0
1582.4528,-2129.1511,31.0884,310.0
1589.2861,-2134.5273,30.2022,310.0
1596.1637,-2139.7788,29.1545,310.0
1604.0876,-2144.7603,27.9961,310.0
1612.0884,-2149.2390,26.7967,310.0
1620.4659,-2153.7214,25.5146,310.0
1630.0002,-2157.5310,24.1314,310.0
1639.4834,-2160.8447,22.7710,310.0
1649.4006,-2163.3345,21.4374,310.0
1660.1700,-2164.6255,20.0686,310.0
1671.1163,-2165.6907,18.7818,310.0
1681.4879,-2166.7183,17.6172,310.0
1692.7391,-2167.1824,16.4735,310.0
1703.8831,-2167.3875,15.3856,310.0
1714.6387,-2167.3474,14.6126,310.0
1725.7737,-2167.0681,13.9019,310.0
1736.4084,-2166.7957,13.5788,310.0
1747.5153,-2166.5420,13.3432,310.0
1758.3806,-2166.2986,13.3727,310.0
1769.1895,-2166.0544,13.3738,310.0
1779.5203,-2165.8975,13.3742,310.0
1790.3046,-2166.2102,13.3742,310.0
1800.6438,-2166.5913,13.3744,310.0
1811.2072,-2166.8284,13.3744,310.0
1822.1115,-2166.9956,13.3744,310.0
1832.3999,-2167.1563,13.3744,310.0
1842.6808,-2167.3235,13.3745,310.0
1853.4180,-2167.3860,13.3744,310.0
1864.1902,-2167.3997,13.3744,310.0
1874.2892,-2167.4124,13.3738,310.0
1884.0951,-2167.4285,13.3725,310.0
1893.8361,-2167.2295,13.3724,310.0
1902.9158,-2165.8027,13.3715,310.0
1911.6550,-2163.8896,13.3727,310.0
1919.8364,-2160.9468,13.4082,310.0
1927.1342,-2156.0339,13.5400,310.0
1933.8812,-2150.6326,13.5452,310.0
1940.2649,-2145.4275,13.5529,110.0
1945.9508,-2139.6050,13.5488,110.0
1955.3251,-2127.1296,13.5353,310.0
1965.0341,-2115.9536,13.3733,110.0
1978.1082,-2109.5449,13.3544,110.0
1992.8751,-2108.8242,13.3517,310.0
2008.8158,-2109.0879,13.3984,310.0
2016.8623,-2109.4192,13.4019,310.0
2024.8973,-2109.5779,13.3852,310.0
2033.0114,-2109.3723,13.3743,310.0
2041.6418,-2109.1282,13.3590,310.0
2050.4734,-2108.9270,13.3536,310.0
2058.8882,-2108.7637,13.3632,310.0
2067.7590,-2108.6025,13.3758,310.0
2076.3154,-2108.5269,13.3661,310.0
2084.4741,-2108.6418,13.3373,110.0
2099.3831,-2106.8049,13.2847,110.0
2109.7351,-2098.7090,13.5508,110.0
2118.1113,-2090.4915,13.5345,110.0
2124.8389,-2084.8699,14.3438,0.0
