X,Y,Z,Speed_kmh
2090.4678,-2092.0715,13.5388,130.0
2096.5149,-2085.4805,13.5391,130.0
2104.6736,-2085.6345,13.5367,130.0
2113.6169,-2089.0859,13.5394,130.0
2119.8191,-2096.2773,13.5345,130.0
2117.5056,-2106.8958,13.4112,130.0
2106.2322,-2109.3198,13.3203,130.0
2095.6372,-2109.1411,13.3179,130.0
2082.9250,-2109.4893,13.3482,130.0
2068.4768,-2109.4817,13.3736,130.0
2052.6794,-2109.8677,13.3645,130.0
2044.3708,-2110.2200,13.3697,130.0
2035.2604,-2110.3318,13.3662,130.0
2025.7092,-2110.3596,13.3762,130.0
2016.6809,-2110.3660,13.3945,130.0
2006.6002,-2110.3657,13.3925,130.0
1996.3721,-2110.3833,13.3696,130.0
1986.8564,-2110.4063,13.3539,130.0
1977.8552,-2110.8645,13.3574,130.0
1968.9469,-2113.0156,13.3713,130.0
1961.0981,-2117.0173,13.3699,130.0
1951.4724,-2129.1877,13.5315,130.0
1946.3903,-2142.6553,13.5447,130.0
1938.0936,-2152.7224,13.5441,130.0
1927.6492,-2161.5627,13.5143,130.0
1913.6284,-2166.7698,13.3714,130.0
1897.6929,-2166.9148,13.3757,130.0
1889.0972,-2166.8628,13.3757,130.0
1880.8254,-2166.8271,13.3758,130.0
1872.1826,-2166.7783,13.3758,130.0
1862.5248,-2166.7190,13.3758,130.0
1853.1064,-2166.6638,13.3758,130.0
1843.7435,-2166.6104,13.3758,130.0
1833.3279,-2166.5505,13.3758,130.0
1823.2617,-2166.4919,13.3765,130.0
1812.8553,-2166.5447,13.3750,130.0
1802.1693,-2166.6606,13.3745,130.0
1791.9368,-2166.7737,13.3744,130.0
1781.7192,-2166.8823,13.3744,130.0
1771.3108,-2166.9836,13.3744,130.0
1760.6479,-2167.0232,13.3744,130.0
1750.5138,-2167.0498,13.3745,130.0
1739.6901,-2167.0767,13.4431,130.0
1728.9005,-2167.1030,13.8296,130.0
1717.6945,-2167.1318,14.3659,130.0
1707.4299,-2167.0867,15.1380,130.0
1696.7629,-2166.9929,16.0522,130.0
1686.3015,-2166.7678,17.1211,130.0
1675.9899,-2165.7720,18.2354,130.0
1666.3477,-2164.6953,19.3384,130.0
1656.2874,-2163.4495,20.5803,130.0
1646.9763,-2161.7495,21.7946,130.0
1637.5433,-2159.7710,23.0637,130.0
1628.7882,-2156.6665,24.3263,130.0
1620.4103,-2152.5635,25.5926,130.0
1612.3759,-2148.5103,26.8072,130.0
1604.7479,-2144.4192,27.9561,130.0
1596.8154,-2139.4565,29.1104,130.0
1590.0624,-2134.4653,30.1402,130.0
1583.9156,-2128.8511,31.0082,130.0
1577.5575,-2122.8889,31.8911,130.0
1571.2814,-2116.9675,32.6014,130.0
1565.4984,-2110.5286,33.1840,130.0
1559.9896,-2103.8672,33.6764,130.0
1554.9650,-2096.7522,33.8670,130.0
1550.5304,-2089.8979,34.0466,130.0
1546.5511,-2082.2542,33.8607,130.0
1543.0455,-2074.6423,33.6351,130.0
1539.7169,-2066.2534,33.1571,130.0
1536.7500,-2058.0083,32.5297,130.0
1533.7708,-2049.3313,31.7924,130.0
1531.7760,-2040.3501,30.8361,130.0
1531.2253,-2030.3767,29.7675,130.0
1531.2638,-2020.2755,28.4986,130.0
1531.2732,-2010.0557,27.1791,130.0
1531.2435,-1999.4772,25.6501,130.0
1531.1617,-1988.5305,24.0820,130.0
1530.8588,-1977.5881,22.6274,130.0
1530.5309,-1966.9576,21.4335,130.0
1530.2090,-1955.7778,20.0364,130.0
1529.9768,-1944.4653,18.4910,130.0
1530.0244,-1934.2672,17.1659,130.0
1530.1272,-1922.3418,15.6423,130.0
1530.1978,-1913.5763,14.7497,130.0
1530.2732,-1903.6448,14.1635,130.0
1530.0690,-1889.0896,13.6293,130.0
1525.1078,-1877.5341,13.3611,130.0
1514.9121,-1871.9786,13.3699,130.0
1502.8966,-1871.1184,13.3753,130.0
1490.8894,-1871.0096,13.3747,130.0
1477.3885,-1871.2081,13.3750,130.0
1463.0664,-1871.4799,13.3750,130.0
1448.4801,-1871.1815,13.3750,130.0
1432.9486,-1871.2402,13.3751,130.0
1424.3883,-1871.4020,13.3753,130.0
1408.6633,-1871.6760,13.3730,130.0
1392.3871,-1871.7377,13.3756,130.0
1383.6608,-1871.5503,13.3758,130.0
1375.0032,-1870.4065,13.3758,130.0
1366.3048,-1868.3666,13.3747,130.0
1357.2072,-1865.3307,13.3748,130.0
1348.2832,-1861.2113,13.3746,130.0
1339.3210,-1857.2543,13.3754,130.0
1329.8364,-1854.5692,13.3725,130.0
1319.5740,-1853.5284,13.3719,130.0
1309.7522,-1853.4775,13.3747,130.0
1299.4244,-1853.6627,13.3746,130.0
1289.3344,-1853.8373,13.3744,130.0
1278.4224,-1853.9849,13.3744,130.0
1268.1504,-1854.0167,13.3744,130.0
1257.4611,-1854.0341,13.3744,130.0
1246.8372,-1854.0410,13.3745,130.0
1236.4142,-1854.0472,13.3745,130.0
1226.1086,-1854.0284,13.3745,130.0
1215.3926,-1854.0018,13.3744,130.0
1205.0043,-1853.9761,13.3745,130.0
1194.4037,-1853.9506,13.3846,130.0
1183.5780,-1853.9244,13.3910,130.0
1173.1436,-1853.8989,13.3901,130.0
1163.0402,-1853.8741,13.3887,130.0
1152.1462,-1853.8473,13.3793,130.0
1142.4059,-1853.8228,13.3748,130.0
1132.5242,-1853.7993,13.3737,130.0
1121.8813,-1853.7700,13.3750,130.0
1111.1677,-1853.4839,13.3746,130.0
1101.0844,-1852.7153,13.3735,130.0
1091.4535,-1850.4353,13.3709,130.0
1083.0238,-1846.4587,13.4051,130.0
1075.2324,-1840.2539,13.5411,130.0
1067.6188,-1833.7079,13.6015,130.0
1059.2939,-1827.3668,13.6939,130.0
1051.3058,-1821.4656,13.5887,130.0
1042.9482,-1814.5984,13.6166,130.0
1035.0439,-1807.9056,13.7354,130.0
1026.7175,-1801.9801,13.7800,130.0
1017.6000,-1796.3472,13.8823,130.0
1007.8214,-1791.9023,13.9848,130.0
997.7589,-1789.0764,14.0599,130.0
987.4739,-1786.6301,14.0701,130.0
976.9459,-1784.0640,14.0856,130.0
966.4360,-1781.4850,14.1016,130.0
955.8512,-1779.4457,14.1084,130.0
945.1244,-1777.7062,13.8390,130.0
934.4659,-1775.9768,13.5608,130.0
924.3874,-1774.3972,13.3539,130.0
913.6687,-1773.5358,13.3726,130.0
903.6886,-1772.9371,13.3744,130.0
893.3848,-1772.3788,13.3744,130.0
882.6181,-1772.0934,13.3744,130.0
872.4036,-1771.8727,13.3745,130.0
861.7406,-1771.6399,13.3745,130.0
851.5419,-1771.3481,13.3750,130.0
840.7706,-1771.0050,13.3802,130.0
831.0331,-1770.6279,13.3848,130.0
820.6937,-1770.1890,13.3897,130.0
810.4657,-1769.7515,13.3903,130.0
800.2200,-1769.2234,13.4432,130.0
789.7725,-1768.5433,13.2450,130.0
779.1552,-1767.1321,13.0055,130.0
768.4693,-1765.5704,12.8244,130.0
757.7847,-1764.0145,12.8208,130.0
747.0057,-1762.3436,12.9193,130.0
737.1592,-1760.3989,13.7893,130.0
726.6585,-1758.3829,14.5508,130.0
716.4980,-1756.1840,14.4445,130.0
706.9807,-1753.0037,14.1895,130.0
697.1568,-1749.4108,13.4646,130.0
686.9094,-1746.6700,13.2335,130.0
676.4187,-1744.2147,13.3793,130.0
666.5611,-1741.8776,13.4687,130.0
656.8398,-1738.8126,13.4691,130.0
647.6327,-1734.1246,13.5058,130.0
639.9813,-1727.9828,13.8272,130.0
630.2747,-1714.2294,14.1187,130.0
626.7907,-1705.5198,14.6169,130.0
622.8344,-1697.6105,15.1912,130.0
616.9474,-1690.7341,15.8925,130.0
610.5651,-1684.6840,16.1194,130.0
597.9529,-1675.3619,15.9866,130.0
583.7540,-1671.7196,16.6657,130.0
568.5980,-1670.9448,17.8877,130.0
554.2021,-1669.4871,18.4572,130.0
543.2792,-1662.5927,18.5187,130.0
537.8403,-1651.0692,18.1302,130.0
534.6742,-1637.6417,17.2771,130.0
531.0807,-1622.5786,16.5660,130.0
529.0788,-1614.2920,16.2738,130.0
525.9584,-1605.4910,16.0538,130.0
522.3993,-1596.9493,16.0372,130.0
518.3207,-1588.9119,15.9662,130.0
513.8813,-1580.8165,15.9543,130.0
508.9428,-1572.3152,16.1175,130.0
503.9900,-1563.8312,16.4316,130.0
498.7388,-1554.9058,17.1749,130.0
493.7841,-1545.6740,18.1473,130.0
490.2993,-1535.6306,19.1061,130.0
487.8709,-1525.4092,19.8548,130.0
486.1382,-1514.7355,20.3170,130.0
485.5256,-1504.5339,20.4417,130.0
485.5796,-1493.8350,20.1750,130.0
486.8452,-1483.9979,19.7353,130.0
489.3802,-1474.0537,19.0616,130.0
492.5301,-1464.4056,18.1083,130.0
496.3685,-1454.5450,16.9267,130.0
500.8167,-1445.3815,15.2352,130.0
507.0889,-1436.8643,14.8721,130.0
514.6758,-1430.3921,15.8783,130.0
523.2863,-1425.0406,16.0364,130.0
532.5090,-1420.6885,15.9435,130.0
542.0397,-1417.4399,15.8971,130.0
551.3889,-1414.4873,15.4144,130.0
561.4922,-1411.6908,14.9160,130.0
571.6944,-1409.4321,14.4065,130.0
582.1370,-1407.1780,13.8766,130.0
592.3264,-1405.4570,13.3987,130.0
602.6904,-1404.2753,13.3803,130.0
612.7344,-1403.1913,13.3898,130.0
623.5861,-1402.7222,13.3113,130.0
634.1292,-1402.8107,13.3348,130.0
644.5623,-1402.9301,13.4493,130.0
655.3426,-1403.0415,13.3805,130.0
665.7056,-1403.1398,13.3857,130.0
676.3809,-1403.2435,13.3858,130.0
687.1005,-1403.3505,13.3811,130.0
697.4017,-1403.4526,13.3722,130.0
708.1724,-1403.5590,13.3634,130.0
718.5661,-1403.6614,13.3549,130.0
729.1376,-1403.7661,13.3532,130.0
739.7650,-1404.0405,13.3531,130.0
750.1230,-1404.5071,13.3512,130.0
758.9537,-1404.9154,13.3470,130.0
774.3562,-1404.4301,13.3540,130.0
786.4414,-1398.6997,13.3556,130.0
794.7135,-1390.4254,13.5274,130.0
797.1472,-1380.9604,13.3856,130.0
798.5853,-1368.0352,13.3754,130.0
799.7316,-1353.8793,13.3733,130.0
799.8132,-1340.3601,13.3753,130.0
798.8376,-1325.0229,13.3760,130.0
798.7399,-1316.9283,13.3756,130.0
798.6573,-1308.3856,13.3758,130.0
798.5510,-1299.5841,13.3758,130.0
798.4431,-1291.0515,13.3757,130.0
798.3303,-1281.6554,13.3758,130.0
798.2187,-1272.1897,13.3758,130.0
798.1026,-1262.4747,13.4270,130.0
797.9751,-1251.8596,13.5048,130.0
797.8451,-1241.0480,13.9084,130.0
797.8076,-1230.7202,14.3731,130.0
797.8044,-1220.6418,15.3349,130.0
797.8017,-1209.6984,16.8289,130.0
797.7962,-1199.4906,18.5946,130.0
797.7903,-1188.8041,20.4199,130.0
797.7857,-1178.7300,21.6918,130.0
797.7991,-1167.9937,23.0007,130.0
797.8357,-1157.2339,24.0900,130.0
797.8726,-1146.4337,23.9762,130.0
797.8431,-1136.1481,23.9727,130.0
797.7965,-1125.4070,23.8982,130.0
797.6240,-1114.4835,23.6668,130.0
797.1105,-1103.9364,23.7375,130.0
796.6194,-1094.1517,23.9218,130.0
796.1810,-1084.9851,24.0720,130.0
795.5469,-1070.6709,24.3980,130.0
798.4552,-1059.1477,24.6833,130.0
806.3428,-1052.5608,24.8704,130.0
816.4604,-1048.6110,24.9617,130.0
827.5897,-1042.3033,24.9574,130.0
838.0007,-1032.9037,25.5123,130.0
846.5316,-1021.0361,27.7382,130.0
855.1924,-1009.4343,30.8742,130.0
864.1718,-997.4029,33.9709,130.0
873.0358,-986.9500,35.3444,130.0
881.0734,-978.6945,36.5175,130.0
887.5798,-970.9266,36.8549,130.0
899.3710,-968.0716,37.7219,130.0
910.0651,-967.2430,38.2037,130.0
923.1544,-966.0751,38.2609,130.0
937.7766,-965.2344,38.3621,130.0
953.1166,-964.9591,38.7419,130.0
961.6829,-964.5974,38.9148,130.0
970.4371,-964.3182,39.2888,130.0
979.4628,-964.1355,39.5954,130.0
988.4142,-963.9062,40.0295,130.0
997.6772,-963.4081,41.0311,130.0
1007.0432,-962.2910,41.6008,130.0
1016.5688,-961.0050,42.0741,130.0
1026.3959,-959.6733,42.3560,130.0
1035.8856,-958.4104,42.4970,130.0
1046.0505,-957.2873,42.6159,130.0
1056.3578,-956.2216,42.6182,130.0
1066.5360,-955.1345,42.6079,130.0
1077.0056,-953.9681,42.5829,130.0
1087.2339,-952.8748,42.5565,130.0
1097.9304,-951.7811,42.5789,130.0
1108.6652,-950.6270,42.6036,130.0
1119.2985,-949.4526,42.6101,130.0
1129.5162,-948.3503,42.6007,130.0
1139.7736,-947.2623,42.6131,130.0
1150.0653,-946.1639,42.7593,130.0
1160.6840,-945.0048,42.9571,130.0
1170.9703,-943.8831,42.9005,130.0
1181.7802,-942.6712,42.7396,130.0
1192.0051,-941.2526,42.7443,130.0
1201.9576,-939.8522,42.7340,130.0
1212.0596,-938.4620,42.7049,130.0
1222.7211,-936.9908,42.6043,130.0
1233.0114,-935.4754,42.5127,130.0
1243.5884,-933.8979,42.5236,130.0
1253.9126,-932.2275,42.5769,130.0
1264.4100,-930.4154,42.4498,130.0
1274.3112,-928.7784,42.0995,130.0
1284.1567,-927.2452,41.6836,130.0
1293.8979,-925.8737,40.3722,130.0
1303.3203,-925.5059,39.2179,130.0
1312.6306,-925.5972,38.2725,130.0
1322.2368,-925.7078,37.3210,130.0
1330.5332,-925.9241,36.4186,130.0
1338.3446,-927.4860,35.5502,130.0
1351.0387,-936.3501,34.5423,130.0
1357.0620,-949.6724,34.2089,130.0
1359.6986,-963.1091,33.7167,130.0
1358.9711,-978.3008,31.2186,130.0
1356.9664,-986.7640,29.6074,130.0
1354.6639,-995.4427,28.2749,130.0
1353.7388,-1004.5620,27.2827,130.0
1353.4659,-1014.7028,26.6041,130.0
1353.2148,-1024.6365,26.4735,130.0
1352.7191,-1035.3290,26.1391,130.0
1352.0948,-1046.1462,26.4011,130.0
1351.2864,-1057.4553,26.6651,130.0
1350.4944,-1068.2538,25.9006,130.0
1349.2753,-1078.9739,24.7724,130.0
1347.8562,-1089.1465,24.1917,130.0
1346.5229,-1099.8654,23.8226,130.0
1345.4940,-1110.0216,23.7374,130.0
1344.4633,-1120.3201,23.6825,130.0
1343.8818,-1130.5717,23.6500,130.0
1343.8229,-1141.1818,23.6578,130.0
1343.8062,-1152.0721,23.6741,130.0
1343.7601,-1162.4669,23.7169,130.0
1343.7214,-1173.1207,23.6254,130.0
1343.7119,-1183.8994,22.4099,130.0
1343.6534,-1194.6498,19.8157,130.0
1343.3798,-1205.2267,17.8344,130.0
1343.1322,-1215.1610,15.9650,130.0
1342.9241,-1225.9962,14.2086,130.0
1342.7003,-1236.8416,13.5247,130.0
1342.5353,-1247.7003,13.4219,130.0
1342.4017,-1259.1089,13.3650,130.0
1342.2726,-1270.2125,13.3737,130.0
1342.1420,-1280.6914,13.3754,130.0
1341.9841,-1291.0536,13.5966,130.0
1341.8804,-1301.2839,13.5529,130.0
1341.8105,-1311.7810,13.4089,130.0
1341.7742,-1321.8856,13.3679,130.0
1342.1150,-1332.3540,13.3741,130.0
1342.5045,-1342.3975,13.3744,130.0
1342.8779,-1352.6235,13.3745,130.0
1343.2529,-1363.4302,13.3814,130.0
1343.3544,-1373.9788,13.4465,130.0
1343.3795,-1384.4719,13.5094,130.0
1343.3229,-1394.9700,13.3763,130.0
1343.1198,-1405.1653,13.2970,130.0
1342.8623,-1415.9437,13.3715,130.0
1341.7883,-1426.0955,13.3751,130.0
1340.1580,-1436.1031,13.3741,130.0
1338.3752,-1446.7769,13.3744,130.0
1336.3881,-1457.4532,13.3744,130.0
1334.1010,-1467.9189,13.3742,130.0
1331.0068,-1477.8312,13.3737,130.0
1328.0417,-1487.9879,13.3743,130.0
1325.5227,-1497.9578,13.3741,130.0
1322.9126,-1508.1066,13.5235,130.0
1320.4794,-1517.8198,13.4620,130.0
1317.9558,-1527.7358,13.3708,130.0
1315.4971,-1538.2457,13.3744,130.0
1314.4875,-1548.4998,13.3718,130.0
1314.1199,-1559.2039,13.3743,130.0
1313.8378,-1569.9189,13.3743,130.0
1313.5317,-1580.2517,13.3744,130.0
1313.2177,-1591.0150,13.3744,130.0
1312.9230,-1601.5453,13.3744,130.0
1312.6279,-1612.0533,13.3744,130.0
1312.3225,-1622.8203,13.3745,130.0
1312.0265,-1633.2599,13.3745,130.0
1311.7247,-1643.9315,13.3745,130.0
1311.4539,-1654.7252,13.3744,130.0
1311.2571,-1665.4457,13.3744,130.0
1311.0785,-1675.5177,13.3735,130.0
1310.9136,-1684.7197,13.3672,130.0
1310.6641,-1698.5447,13.3711,130.0
1310.6598,-1711.2166,13.3739,130.0
1314.0027,-1722.6650,13.3706,130.0
1320.5065,-1730.2677,13.3705,130.0
1329.6475,-1732.4359,13.3721,130.0
1340.7009,-1732.8573,13.3772,130.0
1353.6997,-1732.5913,13.3761,130.0
1368.5247,-1732.4596,13.3763,130.0
1376.7300,-1732.4124,13.3760,130.0
1384.9619,-1732.3558,13.3758,130.0
1393.4761,-1732.2968,13.3758,130.0
1402.6842,-1732.2356,13.3758,130.0
1412.0583,-1732.1786,13.3758,130.0
1421.6890,-1732.1204,13.3758,130.0
1431.7556,-1732.0592,13.3758,130.0
1442.2268,-1732.0017,13.3758,130.0
1452.4988,-1731.9475,13.3756,130.0
1463.3339,-1731.9054,13.3746,130.0
1474.0156,-1731.8738,13.3744,130.0
1484.3330,-1731.9220,13.3744,130.0
1494.5984,-1732.0316,13.3744,130.0
1504.8359,-1732.1543,13.3745,130.0
1516.2069,-1732.3053,13.3745,130.0
1526.7395,-1732.4460,13.3745,130.0
1537.1576,-1732.5854,13.3745,130.0
1547.9772,-1732.7300,13.3745,130.0
1558.7825,-1732.8606,13.3744,130.0
1569.6152,-1732.8435,13.3744,130.0
1580.4288,-1732.8048,13.3744,130.0
1591.2018,-1732.7861,13.3744,130.0
1601.3983,-1732.7723,13.3744,130.0
1611.9323,-1732.7565,13.3745,130.0
1622.4690,-1732.7400,13.3745,130.0
1633.2700,-1732.7562,13.3744,130.0
1644.0663,-1732.8225,13.3744,130.0
1654.2910,-1732.8887,13.3745,130.0
1665.0931,-1732.9564,13.3745,130.0
1675.6335,-1733.0225,13.3744,130.0
1685.6620,-1733.0858,13.3842,130.0
1696.4104,-1733.1527,13.3735,130.0
1706.8247,-1733.2181,13.3744,130.0
1717.2489,-1733.2838,13.3745,130.0
1727.8101,-1733.1694,13.3761,130.0
1737.7577,-1732.8993,13.3804,130.0
1748.5402,-1732.6118,13.3792,130.0
1758.7926,-1732.3987,13.3748,130.0
1769.0602,-1732.2449,13.3740,130.0
1779.3021,-1732.1493,13.3726,130.0
1788.2596,-1732.0684,13.3691,130.0
1801.3773,-1731.9722,13.3653,130.0
1810.2645,-1733.7545,13.3725,130.0
1818.4302,-1740.4578,13.3728,130.0
1822.9865,-1747.0604,13.3746,130.0
1833.0449,-1753.5336,13.3730,130.0
1843.0822,-1753.1146,13.3761,130.0
1855.8951,-1752.5923,13.3761,130.0
1870.1948,-1752.3446,13.3759,130.0
1885.6611,-1752.0936,13.3750,130.0
1893.7115,-1752.0513,13.3750,130.0
1910.1376,-1751.4341,13.3746,130.0
1926.1805,-1750.5134,13.3734,130.0
1941.2760,-1749.6830,13.3724,130.0
1954.7119,-1752.1824,13.3700,130.0
1963.4866,-1760.4886,13.3699,130.0
1965.0203,-1771.0072,13.3698,130.0
1963.6951,-1781.9807,13.3749,130.0
1962.7341,-1794.6296,13.3762,130.0
1962.0922,-1808.4778,13.3762,130.0
1962.2384,-1823.8740,13.3762,130.0
1962.2749,-1832.1992,13.3759,130.0
1962.0597,-1840.3362,13.3757,130.0
1961.8063,-1849.0425,13.3759,130.0
1961.5658,-1857.7499,13.3759,130.0
1961.3234,-1866.6578,13.3759,130.0
1961.0807,-1875.4846,13.3759,130.0
1960.8190,-1884.9518,13.3759,130.0
1960.5677,-1894.1731,13.3759,130.0
1960.5303,-1903.7483,13.3758,130.0
1960.5536,-1913.4170,13.3759,130.0
1960.5769,-1923.5612,13.3759,130.0
1960.5922,-1933.4003,13.3760,130.0
1960.6085,-1943.7565,13.4241,130.0
1960.6273,-1953.9065,13.7648,130.0
1960.6429,-1964.1455,13.6662,130.0
1960.6633,-1974.2555,13.3540,130.0
1960.6854,-1984.9795,13.3734,130.0
1960.7051,-1995.7236,13.3755,130.0
1960.7211,-2006.5332,13.3755,130.0
1960.7366,-2016.8177,13.3755,130.0
1960.7529,-2027.6093,13.3755,130.0
1960.7686,-2037.9788,13.3755,130.0
1960.7678,-2048.7131,13.3755,130.0
1960.6624,-2059.4414,13.3748,130.0
1960.2634,-2069.5300,13.3729,130.0
1959.8672,-2078.7112,13.3719,130.0
1960.9606,-2092.5833,13.3691,130.0
1966.1470,-2103.4514,13.3721,130.0
1974.3647,-2109.1858,13.3624,130.0
1985.5831,-2110.2976,13.3588,130.0
1999.0020,-2111.0999,13.3687,130.0
2014.0839,-2111.2200,13.3972,130.0
2022.3883,-2111.1616,13.3723,130.0
2030.7913,-2111.1729,13.3568,130.0
2039.1499,-2111.1880,13.3640,130.0
2048.4607,-2111.1814,13.3771,130.0
2057.5918,-2111.1902,13.3674,130.0
2067.5291,-2111.2329,13.3479,130.0
2077.2317,-2111.2637,13.3485,130.0
2087.2917,-2110.6538,13.3365,130.0
2096.2561,-2108.4695,13.3074,130.0
2104.5925,-2104.3086,13.3848,130.0
2111.0371,-2098.4634,13.5450,130.0
2116.6453,-2091.9565,13.5343,130.0
2125.2830,-2082.9502,14.2478,130.0
