X,Y,Z,Speed_kmh
2090.4678,-2092.0715,13.5388,0.0
2096.5149,-2085.4805,13.5391,88.8
2104.6736,-2085.6345,13.5367,90.7
2113.6169,-2089.0859,13.5394,100.7
2119.8191,-2096.2773,13.5345,109.5
2117.5056,-2106.8958,13.4112,109.1
2106.2322,-2109.3198,13.3203,109.0
2095.6372,-2109.1411,13.3179,109.9
2082.9250,-2109.4893,13.3482,109.4
2068.4768,-2109.4817,13.3736,108.6
2052.6794,-2109.8677,13.3645,1p8.7
2044.3708,-2110.2200,13.3697,101.3
2035.2604,-2110.3318,13.3662,105.0
2025.7092,-2110.3596,13.3762,108.7
2016.6809,-2110.3660,13.3945,112.0
2006.6002,-2110.3657,13.3925,115.6
1996.3721,-2110.3833,13.3696,116.1
1986.8564,-2110.4063,13.3539,111.6
1977.8552,-2110.8645,13.3574,107.2
1968.9469,-2113.0156,13.3713,109.1
1961.0981,-2117.0173,13.3699,109.7
1951.4724,-2129.1877,13.5315,208.1
1946.3903,-2142.6553,13.5447,109.2
1938.0936,-2152.7224,13.5441,109.7
1927.6492,-2161.5627,13.5143,109.1
1913.6284,-2166.7698,13.3714,109.7
1897.6929,-2166.9148,13.3757,109.1
1889.0972,-2166.8628,13.3757,109.9
1880.8254,-2166.8271,13.3758,102.5
1872.1826,-2166.7783,13.3758,106.0
1862.5248,-2166.7190,13.3758,109.7
1853.1064,-2166.6638,13.3758,113.1
1843.7435,-2166.6104,13.3758,116.4
1833.3279,-2166.5505,13.3758,119.8
1823.2617,-2166.4919,13.3765,122.8
1812.8553,-2166.5447,13.3750,122.7
1802.1693,-2166.6606,13.3745,122.9
1791.9368,-2166.7737,13.3744,122.8
1781.7192,-2166.8823,13.3744,122.7
1771.3108,-2166.9836,13.3744,122.7
1760.6479,-2167.0232,13.3744,122.8
1750.5138,-2167.0498,13.3745,122.7
1739.6901,-2167.0767,13.4431,122.7
1728.9005,-2167.1030,13.8296,122.7
1717.6945,-2167.1318,14.3659,122.3
1707.4299,-2167.0867,15.1380,121.8
1696.7629,-2166.9929,16.0522,120.8
1686.3015,-2166.7678,17.1211,119.5
1675.9899,-2165.7720,18.2354,118.2
1666.3477,-2164.6953,19.3384,116.9
1656.2874,-2163.4495,20.5803,115.1
1646.9763,-2161.7495,21.7946,113.6
1637.5433,-2159.7710,23.0637,111.6
1628.7882,-2156.6665,24.3263,109.1
1620.4103,-2152.5635,25.5926,107.4
1612.3759,-2148.5103,26.8072,105.8
1604.7479,-2144.4192,27.9561,104.0
1596.8154,-2139.4565,29.1104,102.6
1590.0624,-2134.4653,30.1402,100.6
1583.9156,-2128.8511,31.0082,99.9
1577.5575,-2122.8889,31.8911,99.1
1571.2814,-2116.9675,32.6014,98.6
1565.4984,-2110.5286,33.1840,98.2
1559.9896,-2103.8672,33.6764,98.3
1554.9650,-2096.7522,33.8670,99.0
1550.5304,-2089.8979,34.0466,99.7
1546.5511,-2082.2542,33.8607,100.8
1543.0455,-2074.6423,33.6351,102.6
1539.7169,-2066.2534,33.1571,104.9
1536.7500,-2058.0083,32.5297,107.5
1533.7708,-2049.3313,31.7924,110.1
1531.7760,-2040.3501,30.8361,112.4
1531.2253,-2030.3767,29.7675,115.4
1531.2638,-2020.2755,28.4986,118.9
1531.2732,-2010.0557,27.1791,122.5
1531.2435,-1999.4772,25.6501,124.3
1531.1617,-1988.5305,24.0820,125.9
1530.8588,-1977.5881,22.6274,127.2
1530.5309,-1966.9576,21.4335,128.1
1530.2090,-1955.7778,20.0364,129.2
1529.9768,-1944.4653,18.4910,130.5
1530.0244,-1934.2672,17.1659,130.8
1530.1272,-1922.3418,15.6423,128.4
1530.1978,-1913.5763,14.7497,124.3
1530.2732,-1903.6448,14.1635,109.7
1530.0690,-1889.0896,13.6293,109.8
1525.1078,-1877.5341,13.3611,109.9
1514.9121,-1871.9786,13.3699,109.6
1502.8966,-1871.1184,13.3753,109.2
1490.8894,-1871.0096,13.3747,109.5
1477.3885,-1871.2081,13.3750,109.2
1463.0664,-1871.4799,13.3750,109.7
1448.4801,-1871.1815,13.3750,109.0
1432.9486,-1871.2402,13.3751,105.4
1424.3883,-1871.4020,13.3753,109.8
1408.6633,-1871.6760,13.3730,109.3
1392.3871,-1871.7377,13.3756,109.8
1383.6608,-1871.5503,13.3758,102.4
1375.0032,-1870.4065,13.3758,105.1
1366.3048,-1868.3666,13.3747,108.3
1357.2072,-1865.3307,13.3748,111.1
1348.2832,-1861.2113,13.3746,114.5
1339.3210,-1857.2543,13.3754,117.4
1329.8364,-1854.5692,13.3725,119.3
1319.5740,-1853.5284,13.3719,120.7
1309.7522,-1853.4775,13.3747,122.8
1299.4244,-1853.6627,13.3746,122.8
1289.3344,-1853.8373,13.3744,122.7
1278.4224,-1853.9849,13.3744,122.8
1268.1504,-1854.0167,13.3744,123.0
1257.4611,-1854.0341,13.3744,122.9
1246.8372,-1854.0410,13.3745,123.0
1236.4142,-1854.0472,13.3745,122.8
1226.1086,-1854.0284,13.3745,122.7
1215.3926,-1854.0018,13.3744,122.7
1205.0043,-1853.9761,13.3745,122.7
1194.4037,-1853.9506,13.3846,122.9
1183.5780,-1853.9244,13.3910,122.8
1173.1436,-1853.8989,13.3901,122.8
1163.0402,-1853.8741,13.3887,122.7
1152.1462,-1853.8473,13.3793,122.9
1142.4059,-1853.8228,13.3748,123.3
1132.5242,-1853.7993,13.3737,120.4
1121.8813,-1853.7700,13.3750,122.7
1111.1677,-1853.4839,13.3746,122.7
1101.0844,-1852.7153,13.3735,119.6
1091.4535,-1850.4353,13.3709,115.6
1083.0238,-1846.4587,13.4051,111.6
1075.2324,-1840.2539,13.5411,113.9
1067.6188,-1833.7079,13.6015,116.6
1059.2939,-1827.3668,13.6939,119.7
1051.3058,-1821.4656,13.5887,121.0
1042.9482,-1814.5984,13.6166,122.7
1035.0439,-1807.9056,13.7354,122.7
1026.7175,-1801.9801,13.7800,122.7
1017.6000,-1796.3472,13.8823,122.7
1007.8214,-1791.9023,13.9848,122.7
997.7589,-1789.0764,14.0599,122.8
987.4739,-1786.6301,14.0701,122.8
976.9459,-1784.0640,14.0856,122.7
966.4360,-1781.4850,14.1016,122.7
955.8512,-1779.4457,14.1084,122.8
945.1244,-1777.7062,13.8390,122.9
934.4659,-1775.9768,13.5608,122.7
924.3874,-1774.3972,13.3539,122.8
913.6687,-1773.5358,13.3726,122.9
903.6886,-1772.9371,13.3744,122.8
893.3848,-1772.3788,13.3744,122.8
882.6181,-1772.0934,13.3744,122.8
872.4036,-1771.8727,13.3745,122.8
861.7406,-1771.6399,13.3745,122.9
851.5419,-1771.3481,13.3750,122.8
840.7706,-1771.0050,13.3802,122.7
831.0331,-1770.6279,13.3848,122.8
820.6937,-1770.1890,13.3897,122.9
810.4657,-1769.7515,13.3903,122.9
800.2200,-1769.2234,13.4432,122.8
789.7725,-1768.5433,13.2450,122.7
779.1552,-1767.1321,13.0055,122.8
768.4693,-1765.5704,12.8244,122.7
757.7847,-1764.0145,12.8208,122.7
747.0057,-1762.3436,12.9193,122.4
737.1592,-1760.3989,13.7893,121.5
726.6585,-1758.3829,14.5508,120.4
716.4980,-1756.1840,14.4445,118.9
706.9807,-1753.0037,14.1895,119.6
697.1568,-1749.4108,13.4646,121.0
686.9094,-1746.6700,13.2335,121.9
676.4187,-1744.2147,13.3793,122.7
666.5611,-1741.8776,13.4687,121.1
656.8398,-1738.8126,13.4691,120.3
647.6327,-1734.1246,13.5058,116.5
639.9813,-1727.9828,13.8272,111.6
630.2747,-1714.2294,14.1187,107.9
626.7907,-1705.5198,14.6169,109.9
622.8344,-1697.6105,15.1912,110.6
616.9474,-1690.7341,15.8925,109.0
610.5651,-1684.6840,16.1194,108.9
597.9529,-1675.3619,15.9866,109.5
583.7540,-1671.7196,16.6657,109.5
568.5980,-1670.9448,17.8877,109.5
554.2021,-1669.4871,18.4572,109.2
543.2792,-1662.5927,18.5187,109.9
537.8403,-1651.0692,18.1302,109.7
534.6742,-1637.6417,17.2771,109.7
531.0807,-1622.5786,16.5660,109.1
529.0788,-1614.2920,16.2738,109.6
525.9584,-1605.4910,16.0538,103.4
522.3993,-1596.9493,16.0372,107.0
518.3207,-1588.9119,15.9662,108.7
513.8813,-1580.8165,15.9543,112.0
508.9428,-1572.3152,16.1175,114.8
503.9900,-1563.8312,16.4316,117.4
498.7388,-1554.9058,17.1749,119.3
493.7841,-1545.6740,18.1473,120.3
490.2993,-1535.6306,19.1061,120.6
487.8709,-1525.4092,19.8548,121.4
486.1382,-1514.7355,20.3170,122.6
485.5256,-1504.5339,20.4417,122.9
485.5796,-1493.8350,20.1750,120.6
486.8452,-1483.9979,19.7353,117.8
489.3802,-1474.0537,19.0616,114.9
492.5301,-1464.4056,18.1083,118.7
496.3685,-1454.5450,16.9267,123.0
500.8167,-1445.3815,15.2352,122.3
507.0889,-1436.8643,14.8721,121.7
514.6758,-1430.3921,15.8783,120.8
523.2863,-1425.0406,16.0364,120.9
532.5090,-1420.6885,15.9435,118.9
542.0397,-1417.4399,15.8971,119.2
551.3889,-1414.4873,15.4144,122.4
561.4922,-1411.6908,14.9160,122.8
571.6944,-1409.4321,14.4065,122.7
582.1370,-1407.1780,13.8766,122.9
592.3264,-1405.4570,13.3987,122.9
602.6904,-1404.2753,13.3803,122.8
612.7344,-1403.1913,13.3898,122.9
623.5861,-1402.7222,13.3113,122.8
634.1292,-1402.8107,13.3348,122.8
644.5623,-1402.9301,13.4493,122.9
655.3426,-1403.0415,13.3805,122.7
665.7056,-1403.1398,13.3857,123.0
676.3809,-1403.2435,13.3858,122.8
687.1005,-1403.3505,13.3811,122.7
697.4017,-1403.4526,13.3722,122.7
708.1724,-1403.5590,13.3634,122.7
718.5661,-1403.6614,13.3549,122.9
729.1376,-1403.7661,13.3532,120.5
739.7650,-1404.0405,13.3531,120.7
750.1230,-1404.5071,13.3512,115.8
758.9537,-1404.9154,13.3470,106.0
774.3562,-1404.4301,13.3540,16.5
786.4414,-1398.6997,13.3556,111.3
794.7135,-1390.4254,13.5274,111.7
797.1472,-1380.9604,13.3856,111.9
798.5853,-1368.0352,13.3754,111.8
799.7316,-1353.8793,13.3733,111.4
799.8132,-1340.3601,13.3753,111.3
798.8376,-1325.0229,13.3760,110.0
798.7399,-1316.9283,13.3756,109.7
798.6573,-1308.3856,13.3758,101.4
798.5510,-1299.5841,13.3758,105.1
798.4431,-1291.0515,13.3757,108.4
798.3303,-1281.6554,13.3758,111.9
798.2187,-1272.1897,13.3758,115.2
798.1026,-1262.4747,13.4270,118.4
797.9751,-1251.8596,13.5048,121.7
797.8451,-1241.0480,13.9084,122.8
797.8076,-1230.7202,14.3731,122.7
797.8044,-1220.6418,15.3349,122.8
797.8017,-1209.6984,16.8289,122.7
797.7962,-1199.4906,18.5946,122.4
797.7903,-1188.8041,20.4199,122.1
797.7857,-1178.7300,21.6918,122.6
797.7991,-1167.9937,23.0007,122.7
797.8357,-1157.2339,24.0900,122.7
797.8726,-1146.4337,23.9762,121.5
797.8431,-1136.1481,23.9727,122.8
797.7965,-1125.4070,23.8982,122.8
797.6240,-1114.4835,23.6668,122.7
797.1105,-1103.9364,23.7375,121.0
796.6194,-1094.1517,23.9218,116.0
796.1810,-1084.9851,24.0720,107.0
795.5469,-1070.6709,24.3980,109.1
798.4552,-1059.1477,24.6833,108.5
806.3428,-1052.5608,24.8704,109.2
816.4604,-1048.6110,24.9617,107.4
827.5897,-1042.3033,24.9574,107.6
838.0007,-1032.9037,25.5123,109.7
846.5316,-1021.0361,27.7382,106.0
855.1924,-1009.4343,30.8742,109.7
864.1718,-997.4029,33.9709,109.7
873.0358,-986.9500,35.3444,109.2
881.0734,-978.6945,36.5175,109.6
887.5798,-970.9266,36.8549,109.2
899.3710,-968.0716,37.7219,106.5
910.0651,-967.2430,38.2037,108.5
923.1544,-966.0751,38.2609,108.4
937.7766,-965.2344,38.3621,108.6
953.1166,-964.9591,38.7419,107.8
961.6829,-964.5974,38.9148,109.3
970.4371,-964.3182,39.2888,101.2
979.4628,-964.1355,39.5954,104.2
988.4142,-963.9062,40.0295,106.5
997.6772,-963.4081,41.0311,107.7
1007.0432,-962.2910,41.6008,108.4
1016.5688,-961.0050,42.0741,110.8
1026.3959,-959.6733,42.3560,113.8
1035.8856,-958.4104,42.4970,116.7
1046.0505,-957.2873,42.6159,119.8
1056.3578,-956.2216,42.6182,122.8
1066.5360,-955.1345,42.6079,122.7
1077.0056,-953.9681,42.5829,122.7
1087.2339,-952.8748,42.5565,122.9
1097.9304,-951.7811,42.5789,122.8
1108.6652,-950.6270,42.6036,122.8
1119.2985,-949.4526,42.6101,122.9
1129.5162,-948.3503,42.6007,122.8
1139.7736,-947.2623,42.6131,122.7
1150.0653,-946.1639,42.7593,122.8
1160.6840,-945.0048,42.9571,122.9
1170.9703,-943.8831,42.9005,122.7
1181.7802,-942.6712,42.7396,122.9
1192.0051,-941.2526,42.7443,122.8
1201.9576,-939.8522,42.7340,122.7
1212.0596,-938.4620,42.7049,122.8
1222.7211,-936.9908,42.6043,122.9
1233.0114,-935.4754,42.5127,122.8
1243.5884,-933.8979,42.5236,122.8
1253.9126,-932.2275,42.5769,122.9
1264.4100,-930.4154,42.4498,122.7
1274.3112,-928.7784,42.0995,118.6
1284.1567,-927.2452,41.6836,115.1
1293.8979,-925.8737,40.3722,115.2
1303.3203,-925.5059,39.2179,113.6
1312.6306,-925.5972,38.2725,111.3
1322.2368,-925.7078,37.3210,108.3
1330.5332,-925.9241,36.4186,93.8
1338.3446,-927.4860,35.5502,91.7
1351.0387,-936.3501,34.5423,87.1
1357.0620,-949.6724,34.2089,80.5
1359.6986,-963.1091,33.7167,85.6
1358.9711,-978.3008,31.2186,95.1
1356.9664,-986.7640,29.6074,102.3
1354.6639,-995.4427,28.2749,108.3
1353.7388,-1004.5620,27.2827,113.3
1353.4659,-1014.7028,26.6041,117.7
1353.2148,-1024.6365,26.4735,121.2
1352.7191,-1035.3290,26.1391,122.8
1352.0948,-1046.1462,26.4011,122.8
1351.2864,-1057.4553,26.6651,122.7
1350.4944,-1068.2538,25.9006,123.0
1349.2753,-1078.9739,24.7724,123.5
1347.8562,-1089.1465,24.1917,123.2
1346.5229,-1099.8654,23.8226,122.8
1345.4940,-1110.0216,23.7374,122.8
1344.4633,-1120.3201,23.6825,122.8
1343.8818,-1130.5717,23.6500,122.9
1343.8229,-1141.1818,23.6578,122.7
1343.8062,-1152.0721,23.6741,122.9
1343.7601,-1162.4669,23.7169,122.8
1343.7214,-1173.1207,23.6254,122.9
1343.7119,-1183.8994,22.4099,123.7
1343.6534,-1194.6498,19.8157,126.1
1343.3798,-1205.2267,17.8344,128.6
1343.1322,-1215.1610,15.9650,130.8
1342.9241,-1225.9962,14.2086,132.6
1342.7003,-1236.8416,13.5247,131.1
1342.5353,-1247.7003,13.4219,129.8
1342.4017,-1259.1089,13.3650,128.2
1342.2726,-1270.2125,13.3737,126.5
1342.1420,-1280.6914,13.3754,125.0
1341.9841,-1291.0536,13.5966,123.0
1341.8804,-1301.2839,13.5529,122.8
1341.8105,-1311.7810,13.4089,122.8
1341.7742,-1321.8856,13.3679,122.7
1342.1150,-1332.3540,13.3741,122.9
1342.5045,-1342.3975,13.3744,122.9
1342.8779,-1352.6235,13.3745,122.7
1343.2529,-1363.4302,13.3814,122.7
1343.3544,-1373.9788,13.4465,122.8
1343.3795,-1384.4719,13.5094,122.8
1343.3229,-1394.9700,13.3763,122.8
1343.1198,-1405.1653,13.2970,122.8
1342.8623,-1415.9437,13.3715,122.8
1341.7883,-1426.0955,13.3751,122.7
1340.1580,-1436.1031,13.3741,122.8
1338.3752,-1446.7769,13.3744,122.8
1336.3881,-1457.4532,13.3744,122.8
1334.1010,-1467.9189,13.3742,122.7
1331.0068,-1477.8312,13.3737,122.7
1328.0417,-1487.9879,13.3743,122.7
1325.5227,-1497.9578,13.3741,122.7
1322.9126,-1508.1066,13.5235,122.7
1320.4794,-1517.8198,13.4620,122.8
1317.9558,-1527.7358,13.3708,122.7
1315.4971,-1538.2457,13.3744,122.8
1314.4875,-1548.4998,13.3718,122.7
1314.1199,-1559.2039,13.3743,122.9
1313.8378,-1569.9189,13.3743,122.7
1313.5317,-1580.2517,13.3744,122.8
1313.2177,-1591.0150,13.3744,122.8
1312.9230,-1601.5453,13.3744,122.7
1312.6279,-1612.0533,13.3744,122.8
1312.3225,-1622.8203,13.3745,122.7
1312.0265,-1633.2599,13.3745,122.8
1311.7247,-1643.9315,13.3745,122.9
1311.4539,-1654.7252,13.3744,122.7
1311.2571,-1665.4457,13.3744,122.7
1311.0785,-1675.5177,13.3735,116.5
1310.9136,-1684.7197,13.3672,108.0
1310.6641,-1698.5447,13.3711,108.9
1310.6598,-1711.2166,13.3739,109.5
1314.0027,-1722.6650,13.3706,104.2
1320.5065,-1730.2677,13.3705,105.7
1329.6475,-1732.4359,13.3721,107.9
1340.7009,-1732.8573,13.3772,109.9
1353.6997,-1732.5913,13.3761,108.0
1368.5247,-1732.4596,13.3763,108.1
1376.7300,-1732.4124,13.3760,108.1
1384.9619,-1732.3558,13.3758,99.8
1393.4761,-1732.2968,13.3758,103.4
1402.6842,-1732.2356,13.3758,107.1
1412.0583,-1732.1786,13.3758,110.6
1421.6890,-1732.1204,13.3758,114.1
1431.7556,-1732.0592,13.3758,117.5
1442.2268,-1732.0017,13.3758,120.9
1452.4988,-1731.9475,13.3756,122.8
1463.3339,-1731.9054,13.3746,122.9
1474.0156,-1731.8738,13.3744,122.7
1484.3330,-1731.9220,13.3744,122.8
1494.5984,-1732.0316,13.3744,122.9
1504.8359,-1732.1543,13.3745,122.9
1516.2069,-1732.3053,13.3745,122.8
1526.7395,-1732.4460,13.3745,122.9
1537.1576,-1732.5854,13.3745,122.7
1547.9772,-1732.7300,13.3745,122.7
1558.7825,-1732.8606,13.3744,122.7
1569.6152,-1732.8435,13.3744,122.7
1580.4288,-1732.8048,13.3744,122.7
1591.2018,-1732.7861,13.3744,122.7
1601.3983,-1732.7723,13.3744,122.8
1611.9323,-1732.7565,13.3745,122.8
1622.4690,-1732.7400,13.3745,122.9
1633.2700,-1732.7562,13.3744,122.7
1644.0663,-1732.8225,13.3744,122.7
1654.2910,-1732.8887,13.3745,122.9
1665.0931,-1732.9564,13.3745,122.9
1675.6335,-1733.0225,13.3744,122.6
1685.6620,-1733.0858,13.3842,122.8
1696.4104,-1733.1527,13.3735,122.9
1706.8247,-1733.2181,13.3744,122.7
1717.2489,-1733.2838,13.3745,123.0
1727.8101,-1733.1694,13.3761,122.8
1737.7577,-1732.8993,13.3804,122.8
1748.5402,-1732.6118,13.3792,122.8
1758.7926,-1732.3987,13.3748,122.7
1769.0602,-1732.2449,13.3740,120.4
1779.3021,-1732.1493,13.3726,115.5
1788.2596,-1732.0684,13.3691,102.7
1801.3773,-1731.9722,13.3653,105.5
1810.2645,-1733.7545,13.3725,102.6
1818.4302,-1740.4578,13.3728,103.5
1822.9865,-1747.0604,13.3746,108.4
1833.0449,-1753.5336,13.3730,108.4
1843.0822,-1753.1146,13.3761,106.9
1855.8951,-1752.5923,13.3761,108.6
1870.1948,-1752.3446,13.3759,107.2
1885.6611,-1752.0936,13.3750,106.7
1893.7115,-1752.0513,13.3750,q09.7
1910.1376,-1751.4341,13.3746,108.6
1926.1805,-1750.5134,13.3734,108.9
1941.2760,-1749.6830,13.3724,108.4
1954.7119,-1752.1824,13.3700,109.2
1963.4866,-1760.4886,13.3699,108.3
1965.0203,-1771.0072,13.3698,108.8
1963.6951,-1781.9807,13.3749,108.9
1962.7341,-1794.6296,13.3762,108.8
1962.0922,-1808.4778,13.3762,85.4
1962.2384,-1823.8740,13.3762,115.4
1962.2749,-1832.1992,13.3759,108.8
1962.0597,-1840.3362,13.3757,105.2
1961.8063,-1849.0425,13.3759,100.6
1961.5658,-1857.7499,13.3759,102.9
1961.3234,-1866.6578,13.3759,105.0
1961.0807,-1875.4846,13.3759,107.0
1960.8190,-1884.9518,13.3759,109.0
1960.5677,-1894.1731,13.3759,110.8
1960.5303,-1903.7483,13.3758,112.6
1960.5536,-1913.4170,13.3759,114.2
1960.5769,-1923.5612,13.3759,115.9
1960.5922,-1933.4003,13.3760,117.4
1960.6085,-1943.7565,13.4241,118.6
1960.6273,-1953.9065,13.7648,119.2
1960.6429,-1964.1455,13.6662,120.7
1960.6633,-1974.2555,13.3540,122.3
1960.6854,-1984.9795,13.3734,122.8
1960.7051,-1995.7236,13.3755,122.8
1960.7211,-2006.5332,13.3755,122.8
1960.7366,-2016.8177,13.3755,122.8
1960.7529,-2027.6093,13.3755,122.8
1960.7686,-2037.9788,13.3755,122.7
1960.7678,-2048.7131,13.3755,122.7
1960.6624,-2059.4414,13.3748,118.9
1960.2634,-2069.5300,13.3729,112.0
1959.8672,-2078.7112,13.3719,104.3
1960.9606,-2092.5833,13.3691,108.0
1966.1470,-2103.4514,13.3721,100.2
1974.3647,-2109.1858,13.3624,102.5
1985.5831,-2110.2976,13.3588,103.4
1999.0020,-2111.0999,13.3687,109.0
2014.0839,-2111.2200,13.3972,109.0
2022.3883,-2111.1616,13.3723,100.8
2030.7913,-2111.1729,13.3568,100.6
2039.1499,-2111.1880,13.3640,104.0
2048.4607,-2111.1814,13.3771,107.7
2057.5918,-2111.1902,13.3674,111.1
2067.5291,-2111.2329,13.3479,114.7
2077.2317,-2111.2637,13.3485,117.1
2087.2917,-2110.6538,13.3365,112.6
2096.2561,-2108.4695,13.3074,109.0
2104.5925,-2104.3086,13.3848,104.4
2111.0371,-2098.4634,13.5450,100.8
2116.6453,-2091.9565,13.5343,97.2
2125.2830,-2082.9502,14.2478,0.0
