X,Y,Z,Speed_kmh
2091.3616,-2092.1587,13.5369,0.0
2097.2573,-2086.2600,13.5393,31.2
2108.2881,-2087.4937,13.5378,44.8
2113.7866,-2094.4197,13.5360,38.5
2108.9382,-2105.2815,13.4958,46.9
2100.8303,-2110.4365,13.3128,37.3
2088.1792,-2109.6477,13.3354,60.8
2076.3965,-2109.7798,13.3653,75.0
2062.5732,-2109.8271,13.3688,85.4
2047.0710,-2109.8999,13.3667,94.8
2039.0085,-2109.7886,13.3669,98.5
2030.7664,-2109.7688,13.3743,102.0
2022.0176,-2109.9077,13.3855,99.4
2013.7898,-2109.9351,13.3985,95.7
2005.4929,-2109.8750,13.3903,99.5
1997.0671,-2109.8210,13.3731,103.1
1987.9391,-2109.7668,13.3553,101.1
1973.0444,-2110.8252,13.3641,78.9
1962.5435,-2117.7056,13.3698,69.2
1958.2134,-2127.9141,13.3726,61.2
1952.0482,-2137.2598,13.5472,71.6
1942.9884,-2146.3682,13.5534,80.4
1932.7970,-2156.3303,13.5378,82.3
1919.7214,-2162.7070,13.4488,87.9
1904.3035,-2165.3660,13.3745,93.9
1896.1714,-2165.9270,13.3755,97.6
1887.5326,-2166.5361,13.3775,101.3
1878.6785,-2166.6316,13.3756,104.8
1870.0520,-2166.5325,13.3756,108.2
1860.4741,-2166.4297,13.3758,111.8
1850.8762,-2166.4146,13.3757,115.1
1841.1010,-2166.6023,13.3757,118.4
1830.4178,-2166.8008,13.3757,121.8
1819.6912,-2166.9851,13.3753,122.9
1809.5129,-2167.1580,13.3745,122.8
1798.7051,-2167.2908,13.3744,122.9
1787.9098,-2167.3840,13.3744,122.9
1777.1584,-2167.4119,13.3745,122.8
1766.7937,-2167.3057,13.3744,122.7
1756.0995,-2167.1829,13.3744,122.7
1745.7332,-2167.0676,13.3745,122.5
1735.7288,-2166.9570,13.5840,117.3
1725.5128,-2166.8435,13.9437,118.8
1714.9802,-2166.7261,14.5775,120.8
1704.2773,-2166.6069,15.3683,122.6
1694.7601,-2166.4270,16.2646,122.1
1683.6771,-2166.1904,17.3839,114.9
1673.7726,-2165.3098,18.4950,115.8
1663.6587,-2163.8843,19.6559,116.9
1653.5913,-2162.4436,20.9549,117.6
1643.4082,-2160.8113,22.2703,118.1
1633.9177,-2158.0618,23.6098,118.1
1624.3624,-2154.5566,24.9936,118.2
1615.4835,-2150.2261,26.3297,118.2
1606.6393,-2145.1152,27.7006,118.7
1598.2053,-2139.9001,28.9446,119.4
1589.7936,-2134.2981,30.1741,120.2
1581.3877,-2128.3215,31.2311,120.9
1573.7001,-2121.2375,32.2556,121.0
1567.1924,-2113.1306,32.9714,119.2
1561.6965,-2105.1074,33.6004,113.2
1556.1921,-2097.0554,33.8452,107.7
1551.7311,-2089.3062,34.0472,103.0
1547.7701,-2081.0801,33.8437,105.5
1543.9576,-2072.9602,33.6054,109.5
1540.0139,-2064.4614,33.0435,113.9
1536.6775,-2054.9202,32.3208,118.0
1534.3268,-2044.6884,31.3225,122.2
1532.1417,-2034.1542,30.2123,123.3
1530.3914,-2023.5054,28.9001,124.0
1530.1609,-2012.7280,27.5455,125.0
1530.5327,-2001.6968,25.9694,125.9
1530.4789,-1991.4283,24.4955,124.1
1530.2534,-1980.5326,22.9738,124.2
1530.1130,-1970.2336,21.8057,125.1
1530.0719,-1959.3185,20.5149,126.2
1530.0347,-1948.9768,19.1013,124.2
1530.0002,-1938.8094,17.7439,122.3
1529.9827,-1928.4315,16.4212,120.3
1529.9703,-1918.4963,15.1950,109.8
1529.9596,-1910.1542,14.4842,91.0
1529.9198,-1895.7079,13.8908,79.3
1526.9324,-1883.5803,13.4177,72.9
1520.4071,-1873.4557,13.3728,64.1
1511.1094,-1869.4146,13.3694,54.3
1501.7789,-1869.4082,13.3761,62.6
1489.4497,-1869.8042,13.3766,76.7
1475.2515,-1870.4834,13.3762,87.1
1459.5303,-1871.4325,13.3759,96.1
1451.3499,-1871.6628,13.3757,99.7
1442.6327,-1871.6271,13.3756,102.8
1433.6912,-1871.5535,13.3750,104.1
1424.5862,-1871.5646,13.3748,105.4
1415.7704,-1871.6781,13.3747,106.7
1406.3347,-1871.7999,13.3748,107.0
1397.2178,-1871.9099,13.3730,102.4
1388.2573,-1871.9020,13.3730,101.8
1379.6411,-1871.7728,13.3758,103.4
1370.9115,-1870.5765,13.3724,99.0
1362.8787,-1867.6174,13.3702,96.3
1355.4987,-1863.8475,13.3742,99.6
1347.9485,-1859.9314,13.3755,103.2
1339.8986,-1856.4806,13.3739,102.0
1331.4564,-1854.5331,13.3727,104.0
1322.3141,-1853.7214,13.3741,107.1
1313.1913,-1853.1132,13.3756,110.6
1303.3525,-1852.5503,13.3757,114.0
1293.1277,-1852.4047,13.3754,117.5
1283.0807,-1852.3370,13.3757,120.8
1272.9846,-1852.2610,13.3757,122.7
1262.2169,-1852.1654,13.3747,122.8
1251.9854,-1852.0770,13.3745,122.7
1241.2290,-1851.9879,13.3745,122.7
1230.8423,-1851.9026,13.3745,122.7
1220.6954,-1851.8236,13.3745,122.9
1209.9530,-1851.7465,13.3745,122.8
1199.1720,-1851.8597,13.3786,122.8
1188.3553,-1852.0167,13.3906,122.7
1178.0133,-1852.1558,13.3903,122.7
1167.8658,-1852.2422,13.3901,122.7
1157.4747,-1852.2689,13.3839,122.7
1146.8918,-1852.2921,13.3739,117.7
1136.9919,-1852.3163,13.3724,112.8
1127.6641,-1852.3394,13.3724,108.3
1118.3972,-1852.3618,13.3724,103.7
1110.3794,-1852.3115,13.3724,99.5
1101.4103,-1851.9030,13.3725,94.9
1093.4773,-1850.2888,13.3711,90.3
1080.7323,-1842.5509,13.5254,82.2
1069.6418,-1834.1688,13.5963,86.1
1057.1982,-1824.7898,13.6807,94.4
1050.5560,-1819.7178,13.5905,97.2
1043.6860,-1814.4147,13.6066,100.9
1036.7649,-1809.1163,13.6909,104.4
1029.3868,-1803.7371,13.7547,107.4
1021.4108,-1799.3732,13.8811,109.6
1012.5027,-1795.5145,13.9942,112.2
1003.4421,-1791.7379,14.0452,115.5
994.1803,-1788.0531,14.0617,118.6
984.4661,-1785.2892,14.0748,121.5
974.3077,-1782.8469,14.0904,122.9
963.9299,-1780.5525,14.1057,122.7
953.4240,-1778.3132,14.0642,122.9
943.3210,-1776.6609,13.7878,122.8
933.2149,-1775.1089,13.5278,122.8
922.5617,-1773.8319,13.3522,122.7
912.3547,-1773.0880,13.3731,122.7
901.6190,-1772.3510,13.3744,122.8
891.4354,-1771.6354,13.3744,122.9
880.6194,-1770.8684,13.3745,122.7
869.7903,-1770.2560,13.3744,122.9
859.6806,-1770.0803,13.3743,122.8
849.0748,-1769.9465,13.3759,122.7
838.8027,-1769.8032,13.3811,122.8
828.0937,-1769.6469,13.3862,122.8
817.7278,-1769.4993,13.3904,122.7
806.9460,-1769.3477,13.4003,122.7
796.7296,-1768.8984,13.4171,122.8
786.0374,-1767.8549,13.1563,122.9
775.9386,-1766.8192,12.9396,122.7
765.6017,-1765.7903,12.8237,122.8
755.5406,-1764.5941,12.8202,122.8
744.5380,-1761.9032,13.1023,122.7
734.1937,-1758.8405,14.0557,122.7
723.8621,-1755.9290,14.6595,122.1
713.9954,-1753.1759,14.4518,122.5
703.6978,-1750.2279,13.8909,122.8
693.3975,-1747.1860,13.2469,122.8
683.2758,-1744.0859,13.3025,123.0
673.3438,-1740.9458,13.4145,122.7
663.5403,-1738.1501,13.4996,119.7
654.7332,-1735.9432,13.5035,100.1
641.2029,-1729.2814,13.7453,86.4
633.0762,-1717.8506,13.9793,78.6
628.3964,-1706.1989,14.5688,68.7
623.0269,-1696.2356,15.2887,72.3
614.7749,-1686.5063,16.1077,73.5
606.4503,-1678.0004,15.9937,66.5
597.4252,-1673.2332,16.0121,58.1
586.1550,-1672.9512,16.5143,70.9
573.4852,-1671.8005,17.5309,78.5
560.1958,-1670.6157,18.2174,72.8
548.6592,-1669.4600,18.5353,63.6
539.8671,-1665.0569,18.5175,51.8
534.6653,-1658.5182,18.5168,42.2
534.1586,-1646.7344,17.8307,53.4
532.5977,-1635.8120,17.1666,72.7
530.7520,-1622.2728,16.5556,85.0
528.2767,-1607.0991,16.0959,94.6
525.7867,-1599.4200,15.9833,98.2
522.5546,-1591.7167,15.9993,101.4
518.4650,-1583.6252,15.9934,105.1
513.5420,-1575.7515,16.0111,108.2
507.9995,-1567.7032,16.2401,111.3
502.4498,-1559.5981,16.7004,113.7
497.0350,-1551.4692,17.5080,108.4
492.5074,-1543.4944,18.3818,101.5
488.7985,-1535.7198,19.1528,96.7
486.0925,-1527.6783,19.7477,97.9
484.7851,-1519.5242,20.1970,99.3
484.0910,-1511.1747,20.3612,101.6
484.4181,-1502.1631,20.4007,104.7
485.3427,-1493.3146,20.1615,108.0
487.0901,-1483.8420,19.7219,109.5
489.4324,-1475.1852,19.1464,106.7
492.2947,-1466.8876,18.3396,104.4
496.1160,-1458.5272,17.3390,108.2
501.1650,-1450.7689,15.9214,113.2
506.9941,-1443.5601,14.7476,112.2
513.9990,-1437.6174,15.1025,109.3
521.3407,-1432.3105,15.9671,110.5
529.3247,-1426.8177,15.9728,111.9
537.2941,-1421.8188,15.9537,115.1
546.3361,-1417.2616,15.7414,117.9
555.2691,-1413.9015,15.2175,117.4
564.4581,-1411.1029,14.7723,113.8
573.9061,-1408.9899,14.2929,114.0
582.7954,-1407.2094,13.8436,110.4
591.7606,-1405.5059,13.4133,106.7
600.5854,-1404.5975,13.3768,102.4
609.0543,-1403.2393,13.3879,97.8
623.1032,-1395.7745,13.3124,90.4
630.7978,-1383.2012,13.5491,82.5
633.0063,-1368.8353,13.4571,89.6
633.2010,-1352.7498,13.3746,97.8
633.6776,-1344.0464,13.3750,101.6
633.8033,-1335.3552,13.3753,105.1
633.6607,-1326.4767,13.3850,108.4
633.1716,-1316.7976,13.4794,111.8
632.6087,-1307.2494,13.7543,114.1
631.7144,-1297.4281,14.7702,115.5
630.7827,-1287.8340,15.6980,116.8
629.7891,-1277.6304,16.5032,115.0
628.9146,-1268.2231,16.8212,110.0
628.0734,-1258.9131,17.2090,104.4
627.2402,-1250.0800,17.5714,98.9
627.1017,-1241.9711,17.7589,94.2
629.8066,-1227.3245,18.0417,85.3
636.8622,-1215.2432,18.0997,80.7
646.7464,-1205.0929,18.1020,89.7
652.6242,-1199.5486,18.0523,94.2
664.2419,-1188.4879,17.0786,99.2
669.9496,-1182.4207,16.0727,102.5
675.8901,-1175.4769,15.3507,105.3
681.6184,-1168.7252,15.0791,108.1
687.6239,-1161.1387,15.2670,111.0
692.1643,-1153.2914,15.4050,113.2
696.4662,-1144.5713,15.9317,115.2
700.6497,-1135.5471,16.5260,117.4
704.9836,-1126.1432,17.1688,119.4
709.3763,-1117.1609,17.9596,121.0
714.1920,-1107.6282,18.7902,122.6
719.8229,-1098.9924,19.6766,122.9
726.1844,-1090.6274,20.6441,119.5
732.4687,-1082.6018,21.5810,112.4
738.7053,-1075.9948,22.4176,108.8
745.6884,-1069.4396,23.3003,110.1
753.0062,-1063.8716,23.7529,109.1
760.7754,-1059.6642,24.2548,104.1
769.3095,-1056.7782,24.4049,102.4
778.0138,-1054.9781,24.4803,105.0
787.0720,-1053.7682,24.6103,108.2
796.6103,-1052.4498,24.7219,111.2
806.2215,-1050.0961,24.9853,114.0
815.1649,-1047.3140,24.9644,110.4
823.7180,-1043.2136,24.9577,106.2
831.1461,-1038.7219,24.9660,101.8
837.4980,-1033.5096,25.4025,95.9
843.2878,-1027.6760,26.4341,94.5
848.6773,-1021.5463,27.8286,94.7
853.5598,-1015.2698,29.4694,94.1
862.7668,-1002.6083,33.1533,91.8
871.4435,-990.7029,35.0666,80.2
879.2823,-980.8445,36.2170,68.2
886.1962,-972.4876,36.8299,58.9
893.6232,-968.1588,37.2487,43.8
905.5240,-968.0911,38.0632,57.4
916.6974,-967.7928,38.1672,71.4
929.6398,-967.1523,38.2524,79.8
944.0298,-966.6982,38.4995,89.2
959.1344,-966.1292,38.8264,96.6
967.6746,-965.8416,39.1200,99.6
976.1501,-965.5804,39.4176,102.5
985.2920,-965.2224,39.7587,105.2
994.0183,-964.4948,40.6336,106.6
1003.3924,-963.4877,41.4308,108.2
1012.5002,-962.0476,41.8590,110.2
1022.0458,-960.5575,42.2905,112.8
1032.0339,-959.3143,42.4330,115.9
1041.7938,-958.3196,42.5876,118.8
1051.7388,-957.3552,42.6112,121.9
1062.3433,-956.3002,42.5971,123.0
1072.7357,-955.2402,42.5844,122.8
1083.4305,-954.1811,42.5430,122.7
1093.6136,-953.2894,42.5226,122.7
1103.9019,-952.4074,42.5534,122.8
1114.0889,-951.4748,42.6038,122.9
1124.8131,-950.5519,42.5972,122.9
1135.3065,-949.7122,42.5937,122.7
1145.8701,-948.8625,42.6834,122.9
1156.4834,-947.9748,42.9121,122.8
1166.6929,-946.6938,42.9776,122.7
1176.8008,-945.1468,42.7383,122.8
1187.3688,-943.3887,42.7507,122.7
1197.5308,-941.7487,42.7382,122.8
1208.1295,-940.0835,42.7245,122.7
1218.3121,-938.4638,42.6468,122.7
1228.9760,-936.7330,42.5495,122.7
1239.3740,-935.0364,42.4974,123.1
1249.7028,-933.0790,42.5567,120.3
1259.8738,-931.0809,42.5676,118.9
1270.0609,-929.6011,42.2413,122.4
1280.6217,-928.7971,41.9051,122.8
1291.2878,-928.0911,40.8228,123.5
1301.4556,-927.5717,39.4690,124.3
1311.7239,-927.1505,38.3700,121.7
1321.8149,-927.3425,37.3595,114.5
1330.7937,-927.9257,36.3670,96.7
1345.9557,-931.4041,34.9490,85.0
1356.5773,-940.3734,34.1464,80.2
1362.7501,-951.5834,34.1855,70.6
1362.2512,-962.9581,33.7169,65.5
1359.6039,-974.2485,32.0690,75.8
1356.8594,-988.6535,29.3005,93.2
1355.7927,-996.9406,28.1427,99.3
1355.2509,-1005.8516,27.1739,105.4
1354.7740,-1014.8242,26.6069,110.0
1354.2568,-1024.1593,26.4808,113.6
1353.7120,-1033.7196,26.1315,116.6
1352.9287,-1043.5457,26.2499,119.3
1351.9055,-1053.5021,26.6490,121.4
1350.8654,-1063.6807,26.3957,122.8
1349.7019,-1074.3673,25.2374,123.4
1348.3667,-1085.1031,24.3650,123.4
1346.7871,-1095.2590,23.9213,122.9
1345.3988,-1105.7440,23.7816,123.0
1344.4836,-1116.2390,23.6939,122.8
1343.6671,-1126.8948,23.6618,122.7
1342.9375,-1137.5221,23.6505,123.0
1342.5897,-1147.8994,23.6637,122.8
1342.3240,-1158.2035,23.6759,122.8
1342.3867,-1168.6644,23.7479,122.9
1342.5375,-1179.2599,23.1612,123.0
1342.6766,-1189.2997,21.0269,125.6
1342.7841,-1199.8876,18.8638,127.6
1342.7626,-1210.7593,16.7606,130.2
1342.7310,-1222.0201,14.8499,132.2
1342.7001,-1233.0071,13.5249,132.0
1342.6696,-1244.5233,13.4663,130.5
1342.6467,-1255.1981,13.3583,129.1
1342.6216,-1266.2175,13.3730,127.4
1342.5946,-1277.3197,13.3738,125.8
1342.5656,-1288.2649,13.5214,123.8
1342.5415,-1299.0676,13.5924,122.7
1342.5311,-1309.3719,13.4396,122.7
1342.5118,-1320.0680,13.3647,122.8
1342.4907,-1330.3168,13.3740,122.7
1342.4706,-1341.1622,13.3750,122.7
1342.4523,-1351.4241,13.3748,122.8
1342.4327,-1362.2145,13.3778,122.8
1342.4137,-1372.4283,13.4367,122.8
1342.3940,-1383.1102,13.5027,120.1
1342.3755,-1393.2172,13.4056,122.3
1342.3550,-1403.9495,13.2910,122.7
1342.3351,-1414.1628,13.3628,122.7
1341.8129,-1424.9728,13.3763,122.8
1340.8153,-1435.7761,13.3743,122.9
1339.3500,-1446.4423,13.3742,122.8
1336.9279,-1456.9552,13.3738,122.7
1334.2859,-1466.9270,13.3743,122.9
1330.8811,-1477.0792,13.3742,122.7
1327.8987,-1486.9087,13.3742,122.8
1325.6686,-1497.2449,13.3736,122.7
1323.5076,-1507.4595,13.5319,122.8
1321.4894,-1517.4744,13.4371,122.8
1319.4224,-1527.4323,13.3717,122.9
1317.1700,-1538.0367,13.3752,122.8
1315.0901,-1548.0803,13.3745,122.8
1313.7418,-1558.7871,13.3736,122.9
1313.0944,-1569.5814,13.3742,122.9
1312.5143,-1579.8314,13.3744,122.8
1311.9299,-1590.6044,13.3745,122.7
1311.7754,-1601.3743,13.3743,122.7
1311.7162,-1611.6328,13.3744,122.9
1311.6461,-1622.3320,13.3745,122.8
1311.5627,-1633.1655,13.3745,122.7
1311.4863,-1643.4166,13.3745,122.8
1311.4084,-1654.2990,13.3744,122.8
1311.3418,-1664.4757,13.3745,122.8
1311.2810,-1675.2694,13.3744,122.8
1311.2242,-1685.5474,13.3742,120.7
1311.1680,-1695.7511,13.3717,108.6
1311.1206,-1704.2809,13.3661,87.1
1312.3546,-1716.2114,13.3692,63.1
1317.2488,-1725.4874,13.3724,55.6
1324.9012,-1730.2701,13.3717,54.8
1334.7540,-1731.9849,13.3736,60.2
1345.5063,-1731.9136,13.3756,68.4
1357.8691,-1731.9043,13.3754,76.1
1372.1658,-1731.8733,13.3763,86.7
1387.9399,-1731.8439,13.3760,95.9
1396.0885,-1731.8284,13.3758,99.5
1405.0200,-1731.9410,13.3757,103.2
1413.8027,-1732.1992,13.3764,106.8
1423.3306,-1732.4904,13.3759,110.4
1432.7020,-1732.5375,13.3756,113.7
1442.8199,-1732.4187,13.3757,117.2
1453.2426,-1732.2899,13.3758,120.6
1463.4108,-1732.2319,13.3757,122.8
1473.6688,-1732.2059,13.3748,122.8
1484.2527,-1732.1771,13.3745,122.7
1494.6813,-1732.1465,13.3744,122.7
1505.2860,-1732.2474,13.3745,122.7
1515.7909,-1732.3983,13.3745,122.7
1526.2717,-1732.5483,13.3745,122.9
1536.8053,-1732.6951,13.3745,122.7
1547.5143,-1732.7219,13.3745,122.7
1558.3098,-1732.7111,13.3751,122.7
1568.9009,-1732.7008,13.3746,122.9
1579.3649,-1732.6932,13.3745,122.8
1589.5795,-1732.6857,13.3744,122.9
1600.3910,-1732.6769,13.3745,122.9
1610.6622,-1732.6681,13.3744,122.8
1621.5564,-1732.6591,13.3744,122.9
1632.3059,-1732.6499,13.3745,122.9
1643.0693,-1732.6407,13.3745,122.8
1653.3965,-1732.6322,13.3745,122.8
1664.1139,-1732.6235,13.3745,122.7
1674.3447,-1732.6151,13.3745,122.7
1684.8365,-1732.6066,13.3861,123.0
1695.3160,-1732.5979,13.3738,122.9
1705.5857,-1732.5894,13.3743,122.7
1716.3524,-1732.5807,13.3745,122.8
1726.6533,-1732.5726,13.3761,122.7
1737.4552,-1732.5648,13.3804,121.3
1747.1766,-1732.5562,13.3770,109.3
1755.3893,-1732.5487,13.3678,88.9
1767.5822,-1732.5391,13.3679,58.5
1778.2319,-1732.5302,13.3774,71.8
1790.4497,-1732.5209,13.3727,67.9
1802.1260,-1732.5116,13.3740,66.9
1813.1570,-1734.6482,13.3723,64.0
1820.1172,-1741.7245,13.3703,56.9
1825.3571,-1749.3881,13.3710,52.9
1833.9270,-1753.0328,13.3723,57.7
1844.8497,-1752.7139,13.3769,71.8
1858.4443,-1752.2290,13.3763,82.5
1873.0898,-1751.7772,13.3763,92.5
1881.4193,-1751.6362,13.3759,96.4
1890.0133,-1751.5111,13.3768,100.2
1898.7419,-1751.3818,13.3759,102.0
1906.9546,-1751.2576,13.3743,99.8
1915.2990,-1751.1316,13.3725,95.3
1930.5883,-1750.2882,13.3725,84.8
1942.6354,-1749.6095,13.3708,62.9
1951.9021,-1751.9674,13.3708,53.2
1958.3879,-1756.9023,13.3702,41.9
1960.5090,-1768.4529,13.3757,53.2
1961.1918,-1778.0369,13.3745,59.1
1960.7689,-1788.5168,13.3755,66.4
1960.9149,-1800.2002,13.3756,72.6
1960.9647,-1813.4871,13.3764,81.7
1961.4399,-1828.6016,13.3763,90.2
1961.6483,-1836.6847,13.3768,93.8
1961.7119,-1845.0035,13.3762,96.4
1961.7549,-1853.5729,13.3759,98.9
1961.8025,-1861.9901,13.3759,101.2
1961.7596,-1870.9320,13.3758,103.4
1961.6908,-1879.6816,13.3759,105.5
1961.6165,-1889.0723,13.3759,107.6
1961.5479,-1898.0771,13.3759,109.4
1961.4736,-1907.8716,13.3759,111.3
1961.4010,-1917.3391,13.3759,113.1
1961.3252,-1927.2078,13.3760,114.7
1961.2510,-1936.8929,13.3759,116.3
1961.1697,-1947.1104,13.5519,117.2
1961.0920,-1957.3977,13.7557,118.3
1961.0139,-1967.8258,13.5343,120.1
1960.9353,-1978.0111,13.3550,121.5
1960.8518,-1988.7036,13.3754,122.7
1960.9749,-1999.5466,13.3756,122.8
1961.1499,-2009.7847,13.3755,122.8
1961.1124,-2020.0817,13.3753,122.9
1961.0327,-2030.8381,13.3755,122.7
1960.9634,-2041.0212,13.3755,122.9
1960.8965,-2051.2324,13.3774,122.8
1960.8336,-2062.0566,13.3759,120.7
1960.7853,-2071.8562,13.3731,114.1
1960.7438,-2080.3960,13.3681,92.0
1961.1742,-2092.7451,13.3679,60.2
1963.4053,-2102.2437,13.3725,52.2
1970.5990,-2110.0530,13.3702,37.4
1978.6487,-2110.7754,13.3559,27.0
1988.2190,-2109.7439,13.3552,26.4
1999.1500,-2108.9446,13.3762,57.7
2010.8391,-2108.9021,13.4029,73.7
2024.3585,-2109.1296,13.3919,84.1
2040.0835,-2109.9548,13.3665,94.2
2056.3752,-2110.2014,13.3690,101.4
2065.5493,-2110.3528,13.3626,105.2
2074.8591,-2110.4961,13.3608,104.9
2083.4839,-2110.6089,13.3440,100.6
2091.6316,-2110.2002,13.3238,96.4
2099.5669,-2108.1458,13.2990,92.5
2112.1147,-2099.3674,13.5349,83.8
2121.7949,-2089.7402,13.5366,75.7
