X,Y,Z,Speed_kmh
2091.4053,-2091.6865,13.5377,0.0
2099.2444,-2084.9761,13.5379,5.9
2107.0784,-2089.9880,13.5363,29.8
2108.5588,-2099.9678,13.5365,23.9
2101.1533,-2105.2769,13.4527,26.6
2091.5750,-2108.0823,13.3165,27.7
2082.9097,-2108.7744,13.3463,37.1
2072.4346,-2109.5068,13.3700,42.7
2063.2495,-2109.7654,13.3659,37.9
2052.9749,-2109.9990,13.3689,45.9
2040.3229,-2110.2029,13.3701,60.5
2025.9159,-2110.2358,13.3778,67.4
2011.4003,-2110.3257,13.3972,65.8
1998.7407,-2111.0278,13.3676,60.5
1986.9017,-2111.7009,13.3369,52.7
1977.2900,-2111.8179,13.3492,42.9
1969.9138,-2107.7815,13.3714,34.5
1963.5248,-2099.8604,13.3764,44.2
1960.5978,-2089.2283,13.3722,44.3
1961.1146,-2076.9209,13.3759,53.4
1961.4894,-2064.1062,13.3734,56.5
1962.8318,-2051.4766,13.4082,51.9
1963.0400,-2037.7289,13.3762,58.5
1962.9309,-2022.1488,13.3764,70.2
1962.8862,-2014.1334,13.3760,65.6
1962.7915,-1998.2157,13.3755,64.2
1962.7405,-1989.8300,13.3759,68.9
1962.6893,-1981.3130,13.3759,73.7
1962.6384,-1972.7133,13.3759,72.8
1962.5834,-1963.5680,13.6272,71.8
1962.5327,-1954.6814,13.7460,75.7
1962.4830,-1945.9133,13.5813,73.6
1962.4203,-1936.6816,13.3499,77.5
1962.3596,-1927.2871,13.3753,80.7
1962.3053,-1918.2394,13.3759,75.3
1962.2460,-1908.4404,13.3759,82.3
1962.1836,-1898.3762,13.3760,89.6
1962.1237,-1888.7001,13.3745,85.2
1962.0623,-1878.7435,13.3753,88.0
1962.0018,-1868.9203,13.3758,80.9
1961.9419,-1859.0768,13.3760,87.2
1961.9884,-1849.2003,13.3759,89.1
1962.0741,-1839.4441,13.3736,85.8
1962.1547,-1830.3677,13.3726,81.4
1962.2274,-1821.7828,13.3725,78.1
1962.2974,-1813.5178,13.3725,77.3
1962.4281,-1798.3080,13.3744,69.3
1962.4427,-1784.0916,13.3693,60.1
1961.8328,-1772.5936,13.3724,48.8
1960.3107,-1763.5028,13.3723,41.3
1953.9509,-1755.0370,13.3692,30.8
1942.0205,-1754.1206,13.3756,35.5
1932.1331,-1753.4478,13.3757,44.5
1920.7072,-1753.4786,13.3757,51.6
1908.3330,-1753.4971,13.3750,55.8
1895.1881,-1753.5176,13.3750,58.5
1880.8470,-1753.5402,13.3750,62.7
1866.0435,-1753.5625,13.3749,64.8
1852.0800,-1753.5845,13.3724,61.8
1840.8577,-1753.4370,13.3717,49.0
1829.9095,-1749.4194,13.3726,49.0
1822.3357,-1741.0881,13.3726,49.8
1814.4952,-1735.4668,13.3706,39.1
1803.8168,-1733.2733,13.3766,47.2
1790.9137,-1732.6235,13.3755,52.8
1776.2317,-1732.8472,13.3760,61.6
1760.1344,-1732.2642,13.3759,69.7
1751.5912,-1731.9590,13.3788,74.2
1742.2975,-1731.9612,13.3820,85.5
1733.1844,-1732.2357,13.3806,79.8
1723.6401,-1732.3978,13.3765,80.0
1713.8969,-1732.3594,13.3754,85.2
1704.0392,-1732.3024,13.3754,87.3
1694.3340,-1732.2599,13.3732,83.3
1684.6605,-1732.2214,13.3860,88.6
1674.6259,-1732.1786,13.3745,92.0
1664.3348,-1732.1329,13.3757,80.9
1654.0334,-1732.0886,13.3748,85.6
1643.7349,-1732.0447,13.3745,87.9
1633.4370,-1732.0007,13.3744,90.4
1623.1366,-1731.9568,13.3744,89.4
1612.2803,-1731.9104,13.3744,91.7
1601.9148,-1731.8662,13.3744,88.4
1591.6193,-1731.8223,13.3744,89.8
1581.3096,-1731.7782,13.3744,86.0
1570.7806,-1731.7332,13.3745,85.3
1562.1130,-1731.6962,13.3745,78.4
1551.6964,-1731.6517,13.3744,90.1
1541.3857,-1731.6078,13.3744,97.8
1530.9977,-1731.5632,13.3744,92.7
1520.7053,-1731.5193,13.3744,101.1
1510.2158,-1731.4928,13.3744,96.2
1499.6091,-1731.4741,13.3744,85.9
1489.2896,-1731.5685,13.3744,91.8
1478.8887,-1731.6248,13.3744,94.1
1468.3816,-1731.5437,13.3744,92.7
1457.9199,-1731.4451,13.3744,91.6
1447.4645,-1731.3538,13.3744,95.6
1437.1187,-1731.2748,13.3744,85.6
1426.7524,-1731.2415,13.3745,86.7
1416.3075,-1731.2858,13.3744,88.4
1406.0829,-1731.4060,13.3739,91.7
1396.2424,-1731.7891,13.3727,85.2
1386.7990,-1732.2008,13.3724,83.4
1377.6583,-1732.6141,13.3724,86.9
1368.5015,-1732.9475,13.3717,76.3
1353.4838,-1733.4109,13.3693,69.8
1340.9751,-1733.7045,13.3742,55.7
1330.5598,-1733.9354,13.3701,45.0
1322.7013,-1731.5549,13.3695,36.1
1316.6614,-1726.0033,13.3737,37.1
1313.5234,-1718.3535,13.3724,37.4
1312.4113,-1709.1116,13.3748,39.7
1312.0923,-1698.4224,13.3757,47.4
1312.0212,-1686.1698,13.3750,56.8
1312.2072,-1673.1490,13.3750,61.8
1312.3868,-1659.4203,13.3750,61.8
1312.5851,-1644.6183,13.3750,63.2
1312.5588,-1628.9225,13.3749,70.4
1312.0544,-1613.1362,13.3746,73.4
1311.9895,-1605.0865,13.3747,66.9
1312.0013,-1596.9246,13.3748,71.3
1312.1143,-1588.5522,13.3747,68.8
1312.2804,-1580.0664,13.3748,64.7
1312.8969,-1571.5797,13.3744,77.0
1313.6143,-1562.9449,13.3747,72.9
1314.7278,-1554.6764,13.3745,72.9
1316.3595,-1546.0187,13.3744,81.6
1319.1138,-1537.4032,13.3733,83.6
1322.6578,-1529.1641,13.3740,78.2
1326.3134,-1520.8582,13.3747,76.0
1330.0024,-1512.4579,13.3748,76.5
1333.8479,-1504.0189,13.3747,83.9
1337.5541,-1495.9602,13.3748,84.5
1341.5621,-1487.2465,13.3748,83.8
1345.2482,-1478.3916,13.3745,92.4
1347.8339,-1468.9974,13.3732,92.6
1349.9967,-1459.8898,13.3746,84.3
1352.1505,-1450.3486,13.3747,84.5
1353.3373,-1440.6058,13.3737,82.3
1354.1039,-1431.2913,13.3744,78.5
1354.5692,-1421.2350,13.3746,90.3
1354.7690,-1411.0638,13.3456,87.2
1354.9636,-1400.7670,13.2814,89.9
1355.1605,-1390.5450,13.4293,86.6
1355.3523,-1380.2520,13.5051,87.3
1355.5476,-1369.9716,13.4239,88.9
1355.7465,-1359.6212,13.3707,93.0
1355.9479,-1349.1271,13.3739,99.1
1356.1488,-1338.6039,13.3744,93.3
1356.3406,-1328.5684,13.3745,93.0
1356.4053,-1317.6548,13.3744,86.9
1356.3344,-1307.3550,13.3206,95.2
1356.3105,-1296.3463,13.2416,94.4
1356.6691,-1285.9656,13.2546,94.7
1357.0634,-1275.4442,13.3552,90.4
1357.3739,-1265.1174,13.3782,92.8
1357.7081,-1254.8323,13.3744,92.8
1358.0762,-1244.5110,13.3767,94.0
1358.2260,-1234.0631,13.3805,93.3
1358.2472,-1223.5986,14.3125,89.5
1358.2656,-1213.8186,16.1966,93.6
1358.2938,-1204.1984,17.9799,83.2
1358.3239,-1194.8687,19.7267,82.4
1358.3672,-1185.4696,21.4345,83.6
1358.3950,-1176.3910,23.0703,75.9
1358.4152,-1167.3153,24.1529,79.9
1358.4373,-1150.8925,23.6331,70.6
1358.4507,-1142.1194,23.6477,73.5
1358.5879,-1133.2217,23.6481,72.1
1359.1635,-1124.2267,23.6725,76.7
1359.8219,-1115.1835,23.7112,80.3
1360.8109,-1106.0717,23.8128,82.5
1361.8743,-1096.8937,23.9676,85.7
1362.9052,-1087.7070,24.4260,84.7
1363.9716,-1078.0403,25.1299,80.0
1364.9780,-1068.9249,26.0044,77.7
1366.0038,-1059.7769,26.6419,78.9
1367.0204,-1050.6648,26.5851,76.7
1367.7111,-1041.4240,26.2104,79.3
1368.2925,-1032.0006,26.1427,84.3
1369.0712,-1022.7784,26.5762,79.6
1369.9497,-1014.0444,26.6907,77.4
1371.1315,-1005.6865,27.3536,73.7
1372.3348,-997.7526,28.4037,69.9
1374.4230,-983.8208,30.8548,62.4
1376.1563,-972.1543,32.9950,53.4
1376.6670,-962.8505,33.9291,41.4
1374.1676,-955.0944,34.1618,34.2
1368.8448,-947.9583,34.1800,38.5
1360.4403,-942.3193,34.1794,44.2
1350.0266,-937.9007,34.5715,48.2
1338.2107,-934.6459,35.6496,53.0
1326.3630,-931.6708,36.8437,50.0
1314.7731,-928.8626,38.0831,51.5
1302.7012,-928.0623,39.3388,53.2
1290.5867,-927.4423,40.7994,51.2
1278.0042,-927.0231,42.0337,55.7
1264.3529,-928.1686,42.3958,57.5
1249.5010,-930.4717,42.5649,65.3
1241.5143,-931.5432,42.5236,68.2
1233.2375,-932.6314,42.5045,75.1
1224.6587,-933.7651,42.5820,77.3
1215.7864,-934.9437,42.6621,74.2
1206.5955,-936.1618,42.7329,80.2
1197.1005,-937.4184,42.7407,83.3
1187.3613,-938.7078,42.7510,82.0
1177.3695,-940.0283,42.7852,81.1
1168.0640,-941.1295,42.8576,82.7
1158.3091,-942.1984,42.9186,85.8
1148.6301,-942.8588,42.7778,84.6
1138.3151,-943.4473,42.6396,86.9
1128.5052,-944.0630,42.6476,85.8
1118.3221,-944.9931,42.6632,89.4
1108.9994,-945.8677,42.6656,87.0
1099.3933,-946.7512,42.6389,81.4
1089.5089,-947.6724,42.6050,87.5
1079.5659,-948.6150,42.6101,86.9
1069.5765,-949.5713,42.7419,84.0
1059.9950,-950.4702,42.7501,78.3
1049.9971,-951.7542,42.6598,83.4
1040.5811,-953.0610,42.5795,83.5
1031.0712,-954.3747,42.4280,80.6
1021.7217,-955.6482,42.2646,81.7
1012.1682,-956.9536,41.8966,80.4
1003.3809,-958.1678,41.4271,82.9
994.8840,-959.2991,40.9751,74.0
986.4756,-960.2194,40.1639,71.4
978.2901,-960.9650,39.7232,72.5
969.7127,-961.7245,39.3665,73.2
954.2677,-963.3284,38.8909,68.8
939.9946,-964.1042,38.4864,63.4
927.8133,-964.2954,38.2905,52.7
917.9394,-964.6282,38.3006,42.3
908.0894,-964.9710,38.1844,44.5
899.4249,-965.7136,37.6510,34.9
891.7896,-968.5478,37.1273,13.5
890.6521,-976.6104,37.2372,17.2
900.5249,-981.5013,37.4224,23.5
909.6044,-979.6824,37.8303,42.0
920.8098,-976.4554,38.1178,49.2
933.6857,-973.2823,38.2836,55.1
947.5129,-971.3025,38.5301,58.4
961.9443,-969.2820,38.8728,59.9
976.8970,-967.1888,39.4159,65.0
992.2156,-965.0609,40.4381,66.4
1007.6595,-962.9083,41.6093,65.2
1023.3069,-960.7128,42.3065,63.7
1031.2410,-959.6005,42.4173,66.2
1039.2545,-958.4800,42.5509,66.8
1047.3724,-957.3564,42.6147,67.1
1055.6183,-956.4530,42.6123,71.2
1064.0012,-955.6949,42.6041,71.6
1072.4945,-954.9175,42.5847,75.1
1081.0852,-953.9645,42.5742,69.9
1089.7692,-952.9367,42.5480,76.0
1098.5646,-951.8580,42.5753,77.0
1107.4436,-950.7404,42.6002,76.8
1116.4451,-949.7950,42.6132,76.1
1125.5404,-948.8995,42.6027,81.6
1134.7357,-948.0052,42.5989,79.6
1144.0271,-947.0930,42.6647,75.4
1153.3949,-946.1679,42.8097,77.3
1162.8264,-945.2081,42.9982,79.0
1172.3125,-944.0585,42.8632,81.5
1181.8782,-942.7343,42.7383,88.2
1191.5259,-941.2975,42.7458,81.6
1201.2218,-939.5900,42.7351,86.2
1211.0027,-937.7561,42.7108,88.9
1220.8730,-936.0188,42.6192,86.8
1230.8589,-934.4670,42.5299,85.6
1240.9890,-933.2872,42.5086,85.3
1251.2163,-932.1363,42.5655,84.6
1261.4496,-930.9747,42.5394,87.7
1271.6868,-930.0392,42.1917,89.7
1281.9609,-929.2858,41.8444,88.1
1292.2009,-928.5995,40.6731,90.8
1302.3268,-928.1073,39.3784,91.9
1311.3193,-927.7092,38.4128,81.1
1325.5787,-927.7998,36.9701,64.1
1338.7422,-928.3450,35.5214,55.6
1350.6293,-931.5399,34.5663,56.9
1357.9342,-939.8459,34.1611,48.6
1360.1962,-950.3810,34.1804,45.3
1359.4854,-962.0338,33.7771,51.4
1357.0795,-974.6465,31.8708,55.5
1355.5292,-989.0039,29.1969,61.7
1354.3109,-1005.0604,27.2411,72.5
1353.8204,-1013.5440,26.6633,71.6
1353.3044,-1022.2317,26.4979,80.4
1352.7828,-1031.0706,26.2499,76.3
1352.2913,-1039.9802,26.1654,76.4
1351.7490,-1048.9312,26.5412,84.3
1351.2064,-1057.9507,26.6458,81.1
1350.6826,-1067.0377,25.9883,80.0
1349.9406,-1076.2125,25.0584,84.0
1348.7452,-1085.5931,24.3530,80.8
1347.4713,-1095.2725,23.9279,93.9
1346.2211,-1104.9618,23.7926,97.3
1345.0958,-1114.8280,23.7000,113.3
1344.5383,-1124.7778,23.6692,122.9
1344.0710,-1134.9669,23.6487,109.1
1343.5959,-1145.1577,23.6637,98.9
1343.1050,-1155.3843,23.6771,95.6
1342.9840,-1165.6758,23.7542,98.3
1343.0834,-1175.9703,23.4735,97.2
1343.1912,-1186.2023,21.8715,94.5
1343.2291,-1196.4729,19.4807,101.2
1343.1586,-1207.0352,17.4818,103.8
1343.1298,-1217.7930,15.5260,100.4
1343.1317,-1228.7385,13.8074,100.0
1343.0951,-1239.7383,13.5128,108.0
1343.0385,-1250.6696,13.3814,91.8
1343.0232,-1261.4537,13.3699,112.6
1343.0139,-1272.0972,13.3737,109.0
1342.9941,-1282.6305,13.3898,111.3
1342.9852,-1293.0366,13.6316,108.1
1342.9432,-1303.3250,13.5229,108.5
1342.9004,-1313.6365,13.3864,102.5
1342.8776,-1323.9227,13.3702,108.6
1342.8547,-1334.2081,13.3744,108.8
1342.8259,-1344.5031,13.3744,100.3
1342.7970,-1354.7755,13.3744,100.0
1342.7687,-1365.0695,13.3880,98.2
1342.7406,-1375.3608,13.4555,99.1
1342.7119,-1385.7070,13.5028,106.3
1342.6833,-1396.0214,13.3588,102.7
1342.6393,-1406.3108,13.3035,110.0
1342.0890,-1416.6129,13.3728,96.0
1341.2764,-1427.4408,13.3752,106.0
1339.7886,-1437.6305,13.3740,99.9
1337.8176,-1447.7415,13.3742,92.9
1334.9988,-1457.6450,13.3738,95.4
1332.1155,-1467.5248,13.3742,93.4
1330.0543,-1477.6095,13.3734,91.6
1327.8044,-1487.6499,13.3743,101.0
1325.1776,-1497.6041,13.3740,94.8
1322.6389,-1507.6910,13.5263,98.8
1320.3309,-1517.6959,13.4787,93.3
1318.5579,-1527.5558,13.3706,85.2
1317.2585,-1537.1462,13.3727,87.1
1316.4745,-1546.7145,13.3737,89.6
1315.9977,-1556.2653,13.3737,84.2
1315.5178,-1565.9133,13.3745,87.8
1315.0153,-1575.5657,13.3748,93.3
1314.5071,-1585.3380,13.3748,93.5
1314.0024,-1595.1731,13.3748,102.3
1313.5042,-1605.0629,13.3747,92.1
1313.2206,-1614.6754,13.3730,90.9
1312.9945,-1623.9039,13.3724,88.0
1312.7753,-1632.7814,13.3725,85.4
1312.5563,-1641.4519,13.3731,81.0
1312.3464,-1649.7605,13.3725,79.5
1311.9648,-1664.9814,13.3701,73.0
1311.6929,-1675.8142,13.3659,50.7
1311.4822,-1684.2062,13.3724,27.7
1311.2246,-1694.4515,13.3768,34.0
1311.2877,-1703.6305,13.3755,42.8
1311.7246,-1714.1166,13.3753,51.7
1315.4982,-1722.8539,13.3690,42.3
1322.6095,-1728.2122,13.4291,39.1
1331.3442,-1731.6754,13.3713,43.1
1341.4059,-1733.0001,13.3755,43.0
1352.8915,-1733.7211,13.3753,50.3
1365.2935,-1733.0385,13.3749,52.9
1378.7509,-1732.4102,13.3760,59.5
1393.8655,-1732.2953,13.3761,64.0
1401.9485,-1732.3409,13.3758,70.3
1410.3367,-1732.3824,13.3758,79.8
1419.0302,-1732.4229,13.3758,75.8
1428.0093,-1732.4658,13.3758,75.3
1437.2828,-1732.5114,13.3758,80.0
1446.8336,-1732.5575,13.3758,78.7
1456.6754,-1732.6051,13.3758,80.2
1467.0155,-1732.6549,13.3758,89.9
1477.2954,-1732.6511,13.3752,98.7
1487.6030,-1732.6293,13.3745,95.8
1497.8937,-1732.6243,13.3744,87.1
1508.3225,-1732.6235,13.3744,87.9
1519.0787,-1732.6218,13.3745,93.4
1529.3809,-1732.6196,13.3744,89.6
1539.6832,-1732.5310,13.3744,86.2
1549.9640,-1732.2745,13.3744,87.3
1560.2667,-1732.0388,13.3744,91.8
1570.5630,-1731.9980,13.3744,90.5
1580.8624,-1731.9924,13.3744,83.9
1591.1703,-1731.9800,13.3744,84.4
1601.4520,-1731.9624,13.3744,91.3
1611.7361,-1731.9464,13.3744,88.4
1622.0361,-1731.9310,13.3744,90.2
1632.3413,-1731.9255,13.3744,91.7
1642.6479,-1731.9938,13.3744,89.9
1652.9347,-1732.0754,13.3744,88.0
1663.2264,-1732.1190,13.3744,102.2
1673.5170,-1732.0784,13.3744,104.6
1683.8147,-1732.0292,13.3847,104.9
1694.1013,-1731.9811,13.3730,94.9
1704.4026,-1731.9370,13.3744,94.8
1714.7118,-1731.8921,13.3744,92.4
1725.0201,-1731.8438,13.3759,101.1
1735.2917,-1731.7954,13.3801,95.3
1744.9209,-1731.7499,13.3766,90.3
1759.1257,-1731.6826,13.3656,66.0
1767.1932,-1731.6443,13.3691,35.3
1779.4907,-1731.5863,13.3744,36.6
1790.3044,-1731.5350,13.3774,51.9
1801.4462,-1731.4854,13.3730,53.4
1811.7418,-1733.8000,13.3697,47.6
1818.9597,-1740.4010,13.3757,44.4
1827.9731,-1748.4808,13.3754,55.9
1839.9257,-1752.7266,13.3719,56.4
1853.6609,-1752.6505,13.3758,56.9
1869.0271,-1752.4257,13.3760,68.2
1877.2141,-1752.3007,13.3758,70.7
1885.7045,-1752.1654,13.3758,69.4
1894.4169,-1752.0156,13.3753,74.6
1902.8374,-1751.6185,13.3730,71.9
1910.9905,-1751.1829,13.3725,68.1
1926.6025,-1750.6904,13.3729,68.6
1941.5836,-1750.3601,13.3724,61.7
1952.5280,-1752.2432,13.3670,47.4
1957.8484,-1758.5956,13.3693,36.9
1958.9788,-1767.1505,13.3751,39.3
1959.4741,-1776.9806,13.3757,46.1
1960.0159,-1788.2365,13.3768,52.5
1960.0847,-1801.1426,13.3762,63.4
1960.0326,-1815.4703,13.3763,67.4
1960.0573,-1831.0590,13.3760,70.8
1960.0640,-1839.1919,13.3759,74.4
1960.0728,-1847.5271,13.3759,75.1
1960.0819,-1856.0522,13.3759,79.7
1960.0907,-1864.7506,13.3759,76.7
1960.0995,-1873.6178,13.3759,78.8
1960.1090,-1882.6628,13.3759,99.8
1960.1200,-1891.8468,13.3759,82.4
1960.1310,-1901.1930,13.3759,81.7
1960.1420,-1910.6777,13.3759,87.1
1960.1530,-1920.3037,13.3759,88.7
1960.1639,-1930.0502,13.3759,86.5
1960.1749,-1939.9086,13.3751,86.9
1960.1859,-1949.8528,13.6706,91.0
1960.1958,-1959.8818,13.7472,90.8
1960.2067,-1970.0334,13.4381,94.8
1960.2220,-1980.3199,13.3623,93.0
1960.2351,-1990.6202,13.3753,94.8
1960.2461,-2000.9309,13.3755,87.6
1960.2578,-2011.3571,13.3751,101.7
1960.2692,-2021.1281,13.3729,97.6
1960.2802,-2030.3406,13.3725,92.4
1960.2911,-2039.0443,13.3725,76.9
1960.3005,-2047.2572,13.3725,82.8
1960.3174,-2061.7583,13.3687,70.6
1960.3300,-2071.6362,13.3717,49.4
1960.3389,-2080.3245,13.3745,41.8
1961.1848,-2089.3647,13.3757,43.7
1964.0259,-2099.1851,13.3748,49.1
1971.6798,-2107.3806,13.3849,52.6
1982.8199,-2110.3555,13.3560,52.5
1995.8534,-2110.5383,13.3637,59.4
2010.6603,-2110.8176,13.3960,68.8
2026.1365,-2110.8804,13.3689,66.5
2034.2604,-2110.9219,13.3590,70.5
2042.7155,-2110.9465,13.3746,73.7
2051.4368,-2110.9668,13.3761,80.5
2060.3608,-2111.0149,13.3591,78.6
2068.9368,-2111.0791,13.3491,76.1
2077.1504,-2111.1201,13.3477,76.2
2092.5076,-2110.0149,13.3221,70.3
2106.4219,-2103.4663,13.4398,71.0
2112.9871,-2098.8289,13.5380,76.3
2118.8088,-2092.9885,13.5374,80.4
2124.1604,-2086.7915,13.5375,83.1
