X,Y,Z,Speed_kmh
2091.8533,-2090.0510,13.5312,0.0
2097.4995,-2083.4836,13.5370,27.2
2105.2422,-2085.6392,13.5350,33.2
2107.5815,-2093.5579,13.5369,33.3
2104.8704,-2101.6865,13.5359,38.0
2097.9714,-2108.0093,13.2955,35.2
2089.0344,-2108.5537,13.3298,42.2
2080.8796,-2108.9512,13.3563,53.4
2071.8408,-2109.0374,13.3785,56.3
2062.4846,-2109.0691,13.3766,58.5
2052.1584,-2109.0872,13.3582,64.1
2040.6133,-2109.1250,13.3633,71.9
2028.4174,-2109.1899,13.3826,70.3
2016.4393,-2109.2263,13.4044,73.7
2003.6537,-2109.2686,13.3907,75.7
1990.9872,-2109.2874,13.3572,75.8
1978.7507,-2109.2803,13.3567,68.0
1969.4126,-2106.4668,13.3680,50.7
1964.7584,-2095.8118,13.3805,51.4
1963.4738,-2087.0186,13.3738,54.1
1963.1440,-2077.7009,13.3734,53.1
1963.0262,-2069.4683,13.3727,45.6
1963.0629,-2061.2280,13.4129,53.0
1963.1140,-2051.6384,13.4141,60.8
1963.2177,-2040.8064,13.3767,68.2
1963.0735,-2029.0981,13.3740,69.5
1962.7745,-2016.9952,13.3751,73.0
1962.6747,-2004.7390,13.3734,70.8
1963.1444,-1992.6862,13.3744,70.4
1962.8271,-1980.8584,13.3746,70.6
1962.4932,-1968.9515,13.4432,73.7
1962.2600,-1956.4299,13.7409,74.1
1962.0142,-1943.6658,13.4425,78.1
1961.7694,-1930.6575,13.3748,78.8
1962.2109,-1917.5654,13.3750,81.4
1962.3226,-1903.7200,13.3748,80.9
1962.3984,-1889.6172,13.3750,81.6
1962.3953,-1875.8829,13.3752,82.7
1962.6549,-1861.8035,13.3744,83.0
1962.8728,-1847.7821,13.3732,80.0
1962.6010,-1834.6382,13.3733,77.1
1962.4648,-1821.8094,13.3730,73.4
1962.3271,-1809.0990,13.3751,76.7
1962.1846,-1795.9021,13.3753,77.2
1962.0472,-1783.1923,13.3739,72.5
1961.8231,-1771.8420,13.3722,59.5
1959.8723,-1761.6383,13.3720,37.3
1953.7181,-1754.6160,13.3696,35.4
1942.6277,-1752.6464,13.3760,52.9
1933.1185,-1752.1627,13.3749,60.2
1922.2330,-1752.2491,13.3755,68.5
1910.1652,-1751.8696,13.3751,74.3
1897.9042,-1751.7448,13.3749,72.1
1885.5758,-1752.0579,13.3759,72.4
1874.0034,-1751.8022,13.3734,67.9
1862.5369,-1751.9199,13.3757,69.1
1850.7819,-1752.0321,13.3740,66.7
1840.0768,-1752.1195,13.3726,62.1
1830.4653,-1749.5912,13.3697,54.2
1824.2909,-1743.1934,13.3745,55.8
1816.7416,-1737.3665,13.3726,58.8
1807.0713,-1733.5171,13.3748,64.1
1796.1836,-1732.3402,13.3724,62.8
1786.1951,-1732.6544,13.3725,55.5
1777.2332,-1732.9075,13.3739,54.7
1768.1478,-1733.0322,13.3726,50.6
1758.9441,-1732.6523,13.3758,59.0
1747.8564,-1731.9856,13.3803,67.6
1735.9191,-1731.5684,13.3812,70.5
1723.6641,-1731.8257,13.3763,74.7
1710.1416,-1731.8712,13.3749,79.5
1696.3536,-1731.3812,13.3769,81.5
1682.2758,-1731.0754,13.3895,85.6
1667.9814,-1731.0135,13.3771,86.6
1653.0448,-1730.9517,13.3776,90.9
1637.4094,-1730.8876,13.3750,94.6
1621.6653,-1730.8293,13.3749,94.1
1613.5990,-1730.8978,13.3748,95.6
1605.5138,-1730.9823,13.3748,97.0
1597.4398,-1731.0658,13.3739,94.4
1582.0029,-1731.2211,13.3746,95.7
1573.4146,-1731.2871,13.3748,97.2
1565.3911,-1731.3036,13.3734,94.9
1557.3619,-1731.3151,13.3745,96.3
1549.2117,-1731.3284,13.3748,97.7
1540.9037,-1731.3438,13.3747,97.6
1532.3134,-1731.3579,13.3731,95.6
1524.0023,-1731.3715,13.3745,97.1
1515.7395,-1731.3849,13.3744,95.7
1500.0448,-1731.4113,13.3749,94.3
1492.0227,-1731.4246,13.3748,95.8
1483.9229,-1731.4377,13.3748,97.2
1475.6920,-1731.4509,13.3748,98.6
1467.3030,-1731.4645,13.3745,97.5
1459.2687,-1731.4778,13.3727,93.3
1443.4226,-1731.5042,13.3747,95.9
1434.7998,-1731.5182,13.3748,97.4
1426.4653,-1731.5316,13.3748,98.8
1417.5470,-1731.5459,13.3748,100.3
1409.3239,-1731.5591,13.3733,96.0
1401.2917,-1731.5725,13.3725,91.8
1386.2834,-1731.5986,13.3724,83.7
1372.9301,-1731.6206,13.3724,75.8
1360.2991,-1731.6427,13.3742,74.0
1348.4794,-1731.6626,13.3727,69.2
1336.6057,-1731.6820,13.3730,67.4
1326.0062,-1730.6636,13.3710,57.9
1319.4368,-1725.3586,13.4220,47.2
1314.8428,-1715.0640,13.3727,49.7
1314.0022,-1706.7256,13.3734,51.7
1313.9182,-1697.2704,13.3757,60.2
1313.7617,-1686.4399,13.3757,68.5
1313.5797,-1674.9440,13.3752,71.3
1313.3810,-1662.5020,13.3776,76.0
1313.1810,-1649.9484,13.3759,75.7
1312.9697,-1636.7007,13.3765,77.2
1312.7653,-1623.1553,13.3774,81.3
1313.0000,-1608.9125,13.3754,82.8
1313.2517,-1594.6199,13.3776,87.3
1313.5085,-1579.9102,13.3761,91.5
1313.7878,-1564.1713,13.3747,91.7
1315.8995,-1548.7458,13.3745,89.5
1320.0701,-1534.6073,13.3731,88.1
1326.4725,-1521.3671,13.3740,86.6
1333.2651,-1509.0820,13.3725,80.1
1339.4763,-1496.4718,13.3741,80.2
1345.0920,-1483.5660,13.3750,83.9
1350.3505,-1470.6924,13.3739,83.3
1353.2765,-1457.1368,13.3756,82.5
1354.9417,-1443.8569,13.3767,83.2
1356.6718,-1430.1304,13.3759,83.7
1357.4517,-1416.0244,13.3710,82.1
1357.1520,-1402.7876,13.2761,80.9
1357.3751,-1388.4829,13.4732,84.9
1357.1737,-1374.1565,13.4485,84.9
1356.9835,-1359.2301,13.3715,89.6
1357.0413,-1344.2632,13.3737,89.4
1357.0824,-1329.4386,13.3736,87.9
1357.1278,-1314.4939,13.3692,86.6
1357.1714,-1299.9116,13.2535,84.0
1357.2426,-1286.2172,13.2511,79.6
1357.2665,-1272.8141,13.3745,80.9
1357.2899,-1258.9823,13.3736,81.3
1357.3433,-1244.8662,13.3767,82.7
1357.3878,-1230.4418,13.4517,86.7
1357.4374,-1216.0178,15.8046,84.3
1357.4832,-1202.2772,18.3441,80.0
1357.5236,-1189.4709,20.7126,73.3
1357.5656,-1177.3746,22.8935,70.9
1357.6066,-1165.6177,23.7501,69.9
1358.1154,-1153.5817,23.6459,70.7
1358.7692,-1140.9220,23.6484,75.7
1359.5609,-1127.7590,23.6587,80.2
1360.9431,-1114.4094,23.7159,80.5
1362.3641,-1100.6296,23.8919,83.8
1363.8029,-1086.6320,24.4942,84.9
1365.2611,-1072.3716,25.7204,86.0
1366.7565,-1057.9619,26.6743,85.2
1367.8077,-1043.9451,26.3265,84.0
1368.7117,-1029.4514,26.2507,88.1
1370.0222,-1014.5200,26.6706,90.9
1371.4860,-999.3476,28.1840,91.2
1373.0359,-984.8691,30.5977,80.5
1374.3596,-972.4752,32.9183,73.4
1375.6484,-960.7640,34.0541,65.2
1374.4316,-950.9215,34.1794,55.6
1368.4625,-944.3037,34.1748,52.4
1359.7607,-940.6775,34.1799,60.3
1349.6833,-937.3557,34.6106,66.1
1338.4158,-934.2753,35.6382,71.3
1326.8491,-931.0680,36.8017,72.3
1314.9225,-928.1949,38.0612,71.3
1302.6681,-927.8694,39.3395,71.6
1290.7246,-928.3422,40.7903,71.7
1278.6959,-928.8243,42.0190,72.4
1266.2675,-929.3058,42.3514,75.7
1253.2683,-929.9512,42.5888,79.1
1240.0078,-932.8750,42.5145,82.9
1226.0249,-935.7277,42.5727,87.1
1211.4943,-937.9059,42.7017,86.6
1196.5891,-940.0967,42.7409,90.9
1180.8239,-942.4093,42.7563,89.0
1166.3037,-944.4609,42.9479,79.9
1152.6279,-945.5207,42.7965,83.9
1138.9227,-946.6375,42.6087,80.1
1124.6378,-947.7596,42.6105,83.8
1110.2527,-948.9153,42.6326,88.1
1095.8267,-950.0573,42.6154,83.6
1081.1844,-951.2056,42.5841,88.2
1066.1389,-952.6012,42.6979,85.9
1052.1930,-954.1685,42.6715,82.8
1038.9609,-955.6622,42.5520,75.4
1026.6608,-957.4517,42.3449,73.9
1014.1517,-958.5032,41.9812,74.5
1001.5251,-959.4249,41.3124,73.7
989.2864,-960.5964,40.3442,73.9
977.4282,-961.9690,39.6429,68.7
966.4502,-963.2421,39.1463,63.1
955.6097,-964.5544,38.7796,63.4
944.7895,-965.9324,38.5609,64.4
934.2253,-967.1519,38.3014,64.7
924.0029,-967.4527,38.1818,57.7
915.2919,-967.4877,38.1174,44.7
904.8922,-967.9783,38.0194,43.8
894.8247,-969.1377,37.3968,37.4
888.2216,-976.0667,37.2331,33.0
891.0134,-984.4932,36.9947,39.8
900.5710,-985.5895,37.3503,45.9
908.9999,-984.4081,37.7431,53.8
917.5686,-981.5317,38.0712,54.7
927.0239,-978.9106,38.1914,62.3
937.5754,-976.5534,38.3338,65.0
948.8159,-974.5555,38.5850,67.6
960.4294,-972.5054,38.8763,72.1
971.8104,-970.7807,39.2492,68.6
983.0032,-969.2746,39.6220,68.0
994.0156,-967.7743,40.6179,66.7
1005.1147,-966.2734,41.4560,65.7
1016.4460,-964.7365,42.0411,69.1
1028.3914,-963.1181,42.3630,74.0
1040.9039,-961.4482,42.5673,75.6
1053.9009,-959.7523,42.5860,80.2
1067.4332,-957.9846,42.5848,81.7
1080.8580,-957.0850,42.4460,81.2
1094.1646,-955.8374,42.4112,77.4
1107.4631,-954.3118,42.5421,81.7
1121.0714,-952.8032,42.5801,83.0
1134.9869,-951.2526,42.5743,80.9
1148.8171,-949.7115,42.7315,83.3
1162.2999,-947.6943,43.0159,81.5
1175.6155,-945.0465,42.7530,82.9
1189.3030,-942.7365,42.7485,83.6
1202.9042,-940.6459,42.7313,78.5
1216.2159,-938.5555,42.6639,80.5
1229.6379,-936.4630,42.5433,80.3
1242.3257,-934.4806,42.5195,72.6
1253.8611,-932.6840,42.5729,69.7
1265.4305,-931.2662,42.3872,70.1
1276.8739,-930.5856,42.0098,65.9
1287.9948,-930.6855,41.1398,66.4
1299.9773,-930.6446,39.7041,73.4
1312.2174,-931.1500,38.3742,74.0
1324.4327,-932.2327,37.0445,73.4
1334.7897,-933.0814,35.9413,56.0
1343.5370,-934.9080,35.1929,51.9
1351.4436,-939.4272,34.4527,57.7
1357.7377,-947.2455,34.1711,59.7
1360.0898,-957.2962,34.0802,65.4
1359.9086,-968.8902,32.9551,73.8
1358.4203,-981.9215,30.4903,85.1
1356.7131,-996.7844,28.1750,93.7
1355.9739,-1004.7328,27.2946,96.0
1355.2595,-1012.7709,26.7051,96.0
1353.8560,-1028.4901,26.3584,95.0
1352.5112,-1043.7533,26.2783,86.9
1350.4257,-1057.6013,26.6371,83.9
1348.6132,-1072.0815,25.4433,90.6
1346.7104,-1087.4402,24.2687,91.6
1345.5820,-1102.9957,23.8157,93.5
1344.4906,-1118.9469,23.6893,96.8
1343.9279,-1127.1129,23.6618,98.2
1343.3613,-1135.3677,23.6497,98.1
1342.9413,-1143.6525,23.6602,99.2
1343.0450,-1151.9779,23.6700,98.1
1343.0715,-1160.0881,23.6931,96.9
1342.8323,-1168.2720,23.7399,98.2
1342.5770,-1176.4072,23.3680,96.0
1342.3159,-1184.4260,21.7728,98.2
1342.0997,-1192.4979,20.2696,97.7
1342.2623,-1200.5421,18.7511,97.5
1342.4761,-1208.6654,17.1637,101.1
1342.6581,-1217.2100,15.6266,105.9
1342.8497,-1226.1768,14.1837,110.4
1343.0065,-1235.3370,13.5063,109.0
1342.9565,-1244.4817,13.4693,108.3
1342.8861,-1253.6808,13.3624,109.7
1342.8315,-1262.9182,13.3735,109.3
1342.7810,-1271.9658,13.3734,108.1
1342.7252,-1281.0865,13.3746,109.3
1342.6709,-1290.0656,13.5829,104.9
1342.6277,-1298.7104,13.5886,102.7
1342.5958,-1307.3660,13.4642,102.1
1342.5669,-1315.9086,13.3712,102.4
1342.6563,-1324.4807,13.3728,100.9
1342.8169,-1332.7568,13.3726,96.6
1343.0258,-1348.3193,13.3725,88.3
1343.0145,-1363.1632,13.3810,88.4
1342.9458,-1378.3441,13.4746,92.4
1342.7705,-1393.8455,13.3894,93.4
1342.5957,-1409.5531,13.3346,92.7
1341.4080,-1425.0303,13.3737,90.8
1340.0094,-1440.4200,13.3744,91.3
1337.3109,-1455.4187,13.3742,90.4
1333.6008,-1470.1039,13.3741,91.2
1328.8236,-1484.2762,13.3743,89.8
1325.3850,-1498.7684,13.3739,89.0
1321.9625,-1513.4215,13.5105,88.7
1318.6034,-1527.9938,13.3727,86.8
1315.7889,-1542.1713,13.3738,85.0
1313.9889,-1556.5249,13.3749,88.2
1312.2317,-1571.1398,13.3742,87.3
1312.0031,-1585.4894,13.3743,84.6
1311.8357,-1599.0015,13.3724,76.7
1311.6711,-1612.2339,13.3748,79.0
1311.5092,-1625.4041,13.3744,77.8
1311.4646,-1638.6731,13.3748,81.1
1311.6095,-1652.2877,13.3745,82.6
1311.4987,-1666.4025,13.3739,83.6
1311.2684,-1680.8015,13.3750,86.6
1311.0450,-1695.2321,13.3735,83.8
1310.8655,-1706.6958,13.3693,60.0
1311.9414,-1715.9092,13.3709,53.5
1315.9275,-1723.5922,13.3723,51.4
1322.2578,-1729.1846,13.3937,48.8
1330.3702,-1731.1350,13.3747,53.4
1339.9257,-1732.2400,13.3755,61.5
1350.8669,-1732.6489,13.3751,69.0
1362.5535,-1732.6887,13.3746,72.1
1375.0206,-1733.3859,13.3748,76.3
1387.7163,-1732.9801,13.3746,77.3
1401.0670,-1732.7699,13.3750,81.8
1415.2625,-1732.7963,13.3750,86.3
1430.1150,-1732.8345,13.3750,90.6
1445.2540,-1732.8722,13.3741,90.8
1460.7692,-1732.9116,13.3749,92.9
1475.9725,-1732.9512,13.3742,91.3
1491.5364,-1732.9907,13.3748,94.3
1507.2335,-1733.0303,13.3731,92.2
1522.9523,-1733.0698,13.3748,95.2
1530.9984,-1733.0896,13.3748,96.6
1539.1095,-1733.1094,13.3745,95.5
1555.0341,-1733.1490,13.3746,96.0
1563.1443,-1733.1688,13.3748,97.4
1571.3602,-1733.1886,13.3747,97.2
1579.4918,-1733.2085,13.3738,97.1
1587.6940,-1733.2283,13.3747,98.5
1596.0214,-1733.2494,13.3748,99.9
1604.4584,-1733.2714,13.3748,101.2
1613.0183,-1733.2933,13.3748,102.6
1621.6504,-1733.3153,13.3747,102.3
1630.0629,-1733.3372,13.3730,99.6
1638.4814,-1733.3591,13.3743,101.0
1647.0056,-1733.3811,13.3748,102.3
1655.6505,-1733.4031,13.3748,103.6
1664.2922,-1733.4250,13.3742,101.5
1672.8201,-1733.4470,13.3739,102.2
1681.4492,-1733.4690,13.3795,103.5
1690.1827,-1733.4908,13.3797,104.8
1699.0271,-1733.5129,13.3742,106.1
1707.9762,-1733.5361,13.3748,107.3
1717.0256,-1733.5581,13.3748,108.5
1726.1770,-1733.5809,13.3756,109.7
1735.4423,-1733.6051,13.3789,110.9
1744.7960,-1733.6292,13.3803,112.0
1754.0719,-1733.6511,13.3758,108.1
1762.9507,-1733.6731,13.3722,103.7
1771.4579,-1733.6951,13.3724,99.4
1785.1597,-1733.7299,13.3682,71.6
1796.7568,-1733.7604,13.3738,69.6
1807.8745,-1734.0096,13.3724,62.1
1816.1248,-1737.7935,13.3687,48.6
1821.9353,-1743.7357,13.3750,52.6
1829.1859,-1749.4535,13.3740,56.1
1838.6315,-1752.3667,13.3745,61.4
1849.6133,-1753.1666,13.3755,69.7
1861.4209,-1753.6593,13.3739,71.1
1873.4700,-1753.8121,13.3735,70.0
1885.2222,-1753.5195,13.3729,67.3
1896.1205,-1753.2701,13.3740,66.6
1907.9502,-1753.0001,13.3754,73.3
1920.2310,-1752.7177,13.3730,71.9
1932.3521,-1752.4279,13.3731,69.8
1943.1744,-1752.2190,13.3708,54.1
1950.9446,-1754.6588,13.3716,45.7
1958.3949,-1762.3018,13.3726,48.4
1961.0321,-1770.5875,13.3747,53.5
1961.3717,-1780.1791,13.3756,60.4
1961.2083,-1790.5168,13.3757,65.0
1961.0596,-1801.5371,13.3748,67.6
1960.8983,-1813.3617,13.3751,70.1
1960.7385,-1825.1084,13.3750,71.7
1960.6396,-1837.3341,13.3745,71.6
1960.6552,-1849.1862,13.3743,69.2
1960.6661,-1860.9775,13.3750,72.1
1960.6793,-1873.2798,13.3745,72.0
1960.6925,-1884.8654,13.3741,69.4
1960.7057,-1896.6091,13.3738,67.7
1960.7189,-1907.9327,13.3754,70.4
1960.7321,-1920.1102,13.3752,74.2
1960.7452,-1932.8339,13.3751,77.4
1960.7584,-1945.8810,13.5090,75.0
1960.7681,-1958.6287,13.7398,77.2
1960.7850,-1971.9097,13.3825,81.0
1960.8002,-1985.7433,13.3751,83.8
1960.8157,-1999.8430,13.3736,80.5
1960.8289,-2013.0076,13.3747,79.4
1960.8420,-2026.2142,13.3738,78.2
1960.8481,-2039.4564,13.3741,76.6
1960.2379,-2052.0308,13.3741,74.8
1960.3639,-2064.6135,13.3739,75.0
1960.4996,-2077.1099,13.3731,70.9
1960.7416,-2088.2300,13.3724,61.8
1963.2172,-2097.9814,13.3743,61.3
1969.3004,-2105.9775,13.3726,57.2
1977.6089,-2109.9028,13.3577,55.8
1987.5942,-2110.6943,13.3582,62.5
1998.8083,-2110.1523,13.3765,70.9
2011.1200,-2110.1050,13.3977,75.7
2023.7006,-2110.2412,13.3782,74.6
2036.6219,-2110.3677,13.3636,79.3
2049.9736,-2110.4766,13.3698,77.0
2062.2178,-2110.6223,13.3571,69.3
2073.9670,-2110.7434,13.3569,69.0
2084.9053,-2110.8379,13.3399,61.6
2094.8857,-2108.9033,13.3144,58.7
2103.8469,-2104.3613,13.3754,63.9
2112.8589,-2097.8301,13.5374,65.5
2120.0920,-2090.0774,13.5378,61.7
