X,Y,Z,Speed_kmh
2091.4578,-2091.7996,13.5362,0.0
2097.6177,-2085.8242,13.5387,7.8
2106.9834,-2087.3779,13.5384,28.0
2115.6458,-2095.0796,13.5350,35.2
2113.0876,-2104.2422,13.5340,29.4
2104.0388,-2108.5742,13.2991,30.0
2091.5449,-2108.9758,13.3262,36.7
2080.9668,-2109.4419,13.3536,46.4
2070.5593,-2109.9055,13.3654,43.6
2058.6697,-2109.9629,13.3679,51.3
2044.7097,-2109.8225,13.3662,58.0
2036.6880,-2109.7700,13.3678,70.2
2028.6775,-2109.7336,13.3784,72.6
2012.9249,-2109.6165,13.3996,72.8
1998.5800,-2108.8723,13.3708,67.2
1985.5920,-2108.4070,13.3405,64.9
1974.0931,-2110.8040,13.3630,52.2
1963.8561,-2117.5447,13.3752,52.6
1956.2220,-2127.3740,13.4109,56.9
1948.9404,-2138.3152,13.5413,61.5
1938.9396,-2149.3750,13.5514,73.2
1927.1283,-2158.2388,13.5342,70.7
1912.4847,-2162.9678,13.4299,74.1
1896.8186,-2166.1780,13.3763,76.9
1888.4302,-2166.7756,13.3749,81.0
1879.7327,-2167.0576,13.3755,87.3
1870.7233,-2167.1118,13.3756,90.0
1861.4337,-2167.1667,13.3758,84.7
1851.3083,-2167.2354,13.3758,97.6
1841.4443,-2167.3013,13.3758,96.2
1831.2914,-2167.3530,13.3758,97.9
1820.9901,-2167.2742,13.3751,99.7
1810.0050,-2167.1626,13.3745,101.0
1799.7218,-2167.0715,13.3745,100.2
1789.4280,-2167.0571,13.3744,97.2
1779.1417,-2167.0464,13.3744,99.1
1768.8583,-2166.9775,13.3744,101.1
1758.5641,-2166.8984,13.3744,97.9
1748.2660,-2166.8196,13.3744,97.6
1737.9265,-2166.7441,13.5038,102.3
1727.1471,-2166.6616,13.8895,106.2
1716.8674,-2166.5825,14.4295,99.1
1706.5165,-2166.5024,15.2052,101.9
1696.0568,-2166.4114,16.1274,98.1
1685.8278,-2166.2468,17.1682,99.2
1676.3687,-2165.6072,18.1943,92.4
1667.5046,-2164.9236,19.2036,84.4
1658.9591,-2163.9753,20.2258,77.0
1650.3441,-2162.7649,21.3468,77.6
1641.7710,-2160.8813,22.4764,80.4
1633.4993,-2158.0198,23.6643,110.9
1625.1182,-2154.6833,24.8929,86.8
1617.0225,-2150.8062,26.1115,88.0
1609.0188,-2146.8181,27.3133,75.2
1601.3478,-2142.0676,28.4723,87.5
1593.8038,-2137.0132,29.5907,82.6
1586.3672,-2131.2991,30.6658,96.5
1579.0826,-2125.3357,31.6065,94.2
1572.7144,-2118.8582,32.4397,80.3
1567.6796,-2111.8564,33.0184,91.2
1563.0247,-2104.7473,33.5735,86.3
1558.3431,-2097.6575,33.8069,77.9
1549.9841,-2084.3438,33.9672,74.5
1542.8506,-2070.5691,33.4889,74.4
1537.7681,-2056.1284,32.4190,72.6
1534.5593,-2040.7117,30.9097,68.2
1533.4109,-2032.5389,30.0449,67.5
1532.6887,-2024.0280,28.9689,70.5
1531.9872,-2015.1101,27.8569,78.7
1531.5695,-2005.9584,26.5849,82.9
1531.2468,-1996.5428,25.2298,82.1
1530.9246,-1986.7827,23.8313,80.4
1530.7271,-1976.9430,22.5568,91.4
1530.5812,-1967.5706,21.5028,86.8
1530.4404,-1958.4111,20.3892,82.1
1530.3162,-1950.4606,19.3006,75.1
1530.1893,-1942.3901,18.2059,71.1
1529.9989,-1930.1906,16.6440,54.5
1529.8232,-1918.9104,15.2514,52.8
1529.6416,-1907.2771,14.3307,51.8
1529.4966,-1897.9523,13.9750,42.3
1528.7579,-1886.8540,13.5473,33.5
1523.0940,-1876.6084,13.3720,35.1
1515.5181,-1873.7292,13.3731,35.5
1506.0698,-1873.1005,13.3758,42.0
1494.1320,-1873.0712,13.3767,55.2
1480.4138,-1872.9086,13.3762,59.7
1464.7953,-1872.7372,13.3761,70.7
1456.6178,-1872.6459,13.3758,76.3
1448.1340,-1872.5511,13.3758,73.9
1439.3424,-1872.4534,13.3758,75.8
1430.2079,-1872.3518,13.3758,86.7
1421.1322,-1872.2506,13.3758,86.9
1411.4946,-1872.1434,13.3758,86.1
1401.8889,-1872.0367,13.3738,83.9
1392.6661,-1871.9342,13.3725,94.7
1383.4093,-1871.5698,13.3744,79.6
1374.0902,-1869.8271,13.3731,86.4
1364.7622,-1866.4945,13.3730,94.4
1355.4939,-1862.7456,13.3755,105.6
1346.0665,-1859.0084,13.3756,91.8
1336.2161,-1856.0795,13.3742,89.4
1325.9744,-1854.7427,13.3720,94.0
1315.4996,-1854.4075,13.3739,96.6
1304.7379,-1854.7836,13.3743,98.9
1294.3730,-1854.7723,13.3741,105.3
1284.0697,-1854.4918,13.3743,99.8
1273.7700,-1854.2034,13.3744,97.2
1263.4525,-1854.0017,13.3744,95.5
1253.1404,-1853.8378,13.3744,95.6
1242.9567,-1853.6693,13.3736,94.3
1232.8075,-1853.4988,13.3746,90.7
1223.0576,-1853.3359,13.3742,97.7
1212.9504,-1853.1683,13.3726,89.6
1203.5305,-1853.0117,13.3730,87.7
1194.4866,-1852.8629,13.3827,81.0
1185.7930,-1852.7327,13.3888,73.1
1177.4935,-1852.6106,13.3880,74.2
1169.3413,-1852.4902,13.3895,72.0
1160.7592,-1852.3629,13.3881,79.1
1152.0118,-1852.2336,13.3799,84.6
1143.3481,-1852.1589,13.3738,82.0
1134.8572,-1852.2494,13.3726,75.7
1119.0068,-1852.4497,13.3740,67.9
1103.6719,-1852.4160,13.3724,70.1
1090.4357,-1847.6779,13.3850,60.7
1079.5048,-1840.4254,13.5463,56.8
1068.0498,-1831.3331,13.6186,63.8
1055.0088,-1821.5359,13.6733,73.2
1048.4099,-1816.5961,13.5772,81.5
1041.6886,-1811.4868,13.6235,70.9
1034.4740,-1806.5630,13.6945,71.8
1026.7163,-1801.8350,13.7769,77.7
1018.3615,-1797.9553,13.9310,86.9
1009.5094,-1794.7063,14.0260,84.6
1000.1042,-1791.4030,14.0519,89.3
990.7256,-1788.0201,14.0655,89.2
980.8563,-1784.9166,14.0808,90.9
970.8799,-1782.3542,14.0947,89.2
960.7889,-1779.8740,14.1101,92.3
950.4407,-1777.9924,13.9869,93.4
940.2802,-1776.3958,13.7088,91.8
930.2764,-1775.2107,13.4521,99.1
919.8345,-1774.1526,13.3592,95.9
909.4788,-1773.4077,13.3738,90.9
898.5525,-1772.6782,13.3744,108.8
888.2697,-1772.0714,13.3744,89.3
877.9890,-1771.4739,13.3744,95.5
867.6542,-1770.9913,13.3744,97.6
857.2538,-1770.8428,13.3743,99.4
846.9748,-1770.6863,13.3769,83.8
836.6918,-1770.3374,13.3820,91.7
826.1977,-1769.9481,13.3871,86.9
815.8276,-1769.5715,13.3905,87.5
806.0524,-1769.1393,13.4058,86.1
795.5455,-1768.1978,13.3786,96.5
785.2675,-1767.2052,13.1295,89.8
774.8974,-1766.2299,12.9151,92.4
764.6096,-1765.2124,12.8230,87.7
754.2001,-1763.5787,12.8165,91.2
744.1354,-1761.6755,13.1256,96.6
734.1720,-1759.2046,14.0687,96.3
724.3570,-1756.8442,14.6130,89.6
714.6626,-1754.3336,14.4573,90.9
704.9512,-1751.4100,13.9951,94.3
695.0950,-1748.4283,13.3369,94.4
685.0045,-1745.6045,13.2673,91.0
675.3799,-1742.9453,13.3900,87.5
666.2370,-1740.4034,13.4685,91.0
658.1133,-1738.1367,13.4662,75.5
646.6767,-1734.6686,13.4633,57.3
639.1822,-1730.1908,13.7043,39.9
634.3333,-1718.9456,13.9583,36.5
631.8223,-1709.7323,14.3665,44.5
626.9636,-1700.7795,14.9129,42.9
620.1392,-1692.0548,15.6608,48.3
612.0048,-1683.2134,16.1169,53.8
601.7961,-1676.2208,15.9329,54.5
589.6556,-1672.5486,16.3603,59.3
576.8556,-1671.0699,17.2503,58.2
563.9337,-1669.8390,18.0801,54.0
552.5631,-1668.0748,18.4990,49.2
544.9300,-1662.2876,18.5181,41.2
541.2415,-1653.3302,18.2911,43.7
536.9810,-1642.3407,17.5678,52.2
531.9974,-1629.4496,16.8161,56.5
526.2426,-1614.5686,16.2798,73.5
523.2556,-1606.7466,16.1564,74.7
520.0421,-1598.4344,16.1331,81.0
516.6321,-1590.0166,15.8991,80.3
512.9321,-1581.5823,15.9300,82.5
508.9662,-1573.1998,16.0909,86.5
505.0305,-1565.5110,16.3510,78.2
501.0775,-1558.0010,16.8726,75.3
497.4106,-1550.1877,17.5902,78.7
494.4654,-1542.3673,18.3876,76.5
488.8264,-1527.2253,19.7258,69.0
484.7269,-1512.0406,20.3413,69.2
483.8656,-1496.4871,20.2377,71.0
487.0527,-1481.5779,19.5966,68.2
491.1715,-1466.7333,18.3685,67.9
497.4930,-1453.3724,16.6503,63.7
505.7649,-1442.0184,14.7673,58.7
518.2438,-1437.9077,15.4799,61.1
529.4374,-1437.8938,15.6957,53.1
537.0955,-1442.7987,15.4539,42.0
539.0480,-1450.6194,15.1479,38.1
539.5736,-1460.9951,14.8662,47.0
539.4622,-1473.8157,14.5877,55.7
538.3813,-1488.4109,14.2826,63.5
537.1453,-1504.5162,14.3513,71.3
536.4981,-1513.0109,14.3972,75.9
535.8250,-1521.8069,14.4447,89.3
535.1284,-1530.8496,14.6793,82.4
534.4164,-1540.1387,14.9871,87.9
533.6875,-1549.6614,15.2925,85.0
532.9979,-1559.4176,15.6006,89.3
532.4042,-1569.3816,15.8819,89.1
531.9018,-1579.6053,16.0159,93.1
531.5905,-1589.9153,16.0013,94.3
531.2962,-1600.2125,15.9995,95.3
530.9985,-1610.3584,16.1633,90.9
530.7121,-1620.0773,16.4593,86.7
530.4415,-1629.3422,16.8145,81.0
530.1828,-1638.1392,17.2899,77.3
530.3172,-1646.3743,17.8047,74.1
534.9042,-1659.1248,18.5374,62.8
543.6782,-1667.4319,18.5211,65.9
553.6282,-1671.5431,18.4638,52.0
563.7808,-1671.0626,18.0748,47.3
576.1866,-1671.3480,17.3176,55.3
589.8672,-1672.4944,16.3383,58.8
602.1165,-1676.0197,15.9146,58.6
610.3328,-1685.8414,16.0519,56.6
614.4152,-1699.4056,15.3765,62.9
618.4332,-1713.7858,14.3013,68.4
624.0565,-1727.0112,13.9514,65.8
634.4023,-1737.9974,13.3807,73.5
647.8530,-1747.0663,13.3166,71.0
655.3293,-1750.7736,13.3573,73.3
663.3224,-1753.8855,13.4333,76.3
671.6472,-1756.9402,13.4119,82.3
680.2728,-1759.9883,13.3119,94.7
689.2018,-1763.1097,13.2507,84.2
698.4960,-1765.7335,13.6787,83.5
708.3591,-1768.4269,14.0537,90.7
718.1106,-1771.1737,14.0568,98.3
728.0563,-1773.8583,14.0166,90.4
737.9916,-1776.4421,13.2885,88.9
748.0641,-1778.4709,12.7710,93.3
758.2097,-1780.2200,12.8254,95.4
768.3904,-1781.8591,12.8717,89.5
778.6504,-1782.5492,13.0204,101.2
788.9349,-1782.8800,13.1481,97.5
799.2258,-1782.8865,13.2840,91.1
809.5269,-1783.0952,13.4941,92.3
819.8329,-1783.3295,13.6551,88.2
830.1176,-1783.7108,13.7262,91.4
840.4006,-1784.2814,13.7477,94.4
850.6724,-1784.8252,13.7715,92.0
860.9613,-1785.3441,13.7395,91.2
871.2532,-1785.8696,13.6529,90.6
881.5388,-1786.4028,13.5732,95.5
891.8050,-1786.9989,13.4938,85.5
902.0603,-1787.7721,13.4137,87.4
912.3235,-1788.5707,13.3663,88.1
922.5981,-1789.3641,13.3724,89.4
932.8417,-1790.3274,13.5307,86.0
943.0343,-1791.7683,13.8264,90.3
953.2039,-1793.6770,14.0973,116.1
963.1220,-1796.3884,14.1084,87.1
972.6956,-1799.1160,14.0834,84.0
981.8968,-1801.7147,14.0675,79.6
990.7369,-1804.1967,14.0527,77.6
999.2233,-1806.5868,14.0385,72.7
1007.2840,-1809.1698,14.0360,77.7
1015.0382,-1812.7096,14.0275,78.0
1022.4769,-1816.4287,13.8839,75.1
1035.5298,-1825.2902,13.6271,77.2
1047.5961,-1834.0225,13.4918,68.8
1058.6400,-1842.7582,13.4768,64.5
1070.9883,-1850.1794,13.3810,64.6
1086.0431,-1852.6073,13.3750,71.8
1094.0756,-1852.8726,13.3752,78.8
1102.4274,-1853.0756,13.3756,76.2
1111.0753,-1853.2878,13.3758,77.9
1120.0144,-1853.5018,13.3758,78.6
1129.2648,-1853.6772,13.3758,80.8
1138.7889,-1853.8109,13.3758,84.8
1148.5901,-1853.8511,13.3766,84.8
1158.6510,-1853.5577,13.3850,88.5
1168.9266,-1853.2565,13.3918,98.9
1179.2260,-1852.9792,13.3902,91.4
1189.5272,-1852.8668,13.3897,92.4
1199.8317,-1852.9126,13.3791,92.3
1210.1743,-1852.9584,13.3737,94.0
1220.5022,-1852.9810,13.3744,92.4
1230.8048,-1853.0012,13.3744,92.2
1241.1154,-1853.0240,13.3744,88.6
1251.3959,-1853.0481,13.3744,89.9
1261.6964,-1853.0702,13.3744,95.3
1272.0864,-1853.0924,13.3744,94.2
1282.3875,-1853.1144,13.3744,97.3
1292.6875,-1853.1364,13.3744,101.1
1303.1265,-1853.1587,13.3744,97.7
1313.1934,-1853.3400,13.3732,92.3
1322.8257,-1854.5380,13.3720,85.6
1332.0078,-1856.4288,13.3722,82.8
1340.7156,-1859.3861,13.3731,87.1
1349.4456,-1862.5605,13.3747,87.9
1358.2609,-1865.7400,13.3747,88.1
1367.2513,-1868.7164,13.3746,97.0
1376.5844,-1870.4636,13.3728,87.6
1386.1251,-1871.5260,13.3742,86.5
1395.7720,-1872.0758,13.3745,87.3
1405.5283,-1872.3882,13.3746,96.2
1415.3511,-1872.6881,13.3748,91.3
1425.2882,-1872.5388,13.3745,91.0
1435.2997,-1872.2040,13.3747,93.5
1445.4070,-1871.8616,13.3744,92.9
1455.0867,-1871.5485,13.3727,83.1
1464.7054,-1871.1270,13.3739,81.9
1474.0503,-1870.4806,13.3731,92.0
1483.0150,-1869.8373,13.3724,87.6
1491.4419,-1869.2415,13.3712,72.8
1504.0099,-1868.3564,13.3678,54.4
1513.9139,-1868.1204,13.4503,43.9
1521.2598,-1871.3163,13.3695,34.2
1526.1912,-1882.1207,13.3933,35.4
1527.8146,-1891.3596,13.7241,45.1
1528.8149,-1901.8068,14.1326,47.5
1528.5015,-1913.4458,14.7550,50.8
1528.5631,-1926.2631,16.1389,61.3
1529.2406,-1939.9504,17.8999,65.1
1529.1537,-1954.4803,19.8468,65.9
1529.1704,-1969.8662,21.7745,73.2
1529.3818,-1985.7667,23.6672,73.0
1529.4851,-1993.8268,24.8410,72.5
1529.5908,-2002.0486,26.0190,72.9
1529.6976,-2010.2622,27.1948,75.7
1529.8053,-2018.5419,28.2945,74.3
1530.3538,-2026.8789,29.3158,88.5
1531.4673,-2035.2158,30.3185,79.1
1532.8651,-2043.6566,31.1872,86.5
1534.8876,-2052.0947,32.0621,83.4
1537.2377,-2060.6230,32.7239,81.8
1540.2836,-2069.0818,33.3342,80.9
1543.6315,-2077.6804,33.7439,83.2
1547.7819,-2086.0886,33.9515,87.1
1552.4438,-2094.4326,34.0023,90.9
1557.4495,-2102.2903,33.7122,85.9
1562.8300,-2109.5959,33.3840,81.3
1569.0313,-2116.3828,32.7155,91.8
1575.9749,-2122.9507,32.0146,107.9
1583.5813,-2129.3374,30.9971,96.0
1591.4766,-2135.9014,29.9128,93.4
1599.4788,-2142.3762,28.6297,105.0
1608.2747,-2147.8381,27.3367,108.4
1617.7434,-2152.2554,25.9274,100.6
1627.5566,-2156.1396,24.5118,93.5
1637.6000,-2159.7361,23.0608,96.3
1647.8904,-2162.8882,21.6361,100.4
1658.4730,-2165.2219,20.2636,98.0
1669.2728,-2166.9473,18.9672,97.6
1680.2251,-2167.9734,17.7498,96.4
1691.2517,-2168.4412,16.6205,106.6
1702.3511,-2168.5750,15.5244,104.6
1713.4930,-2168.6069,14.6926,100.2
1724.6111,-2168.4622,13.9467,101.5
1735.6831,-2168.3213,13.6018,104.7
1746.6843,-2168.2419,13.3451,102.2
1757.5432,-2168.3113,13.3718,97.6
1768.2767,-2168.3877,13.3738,93.3
1778.9159,-2168.4143,13.3738,91.4
1789.3854,-2168.4319,13.3738,130.9
1799.7437,-2168.4507,13.3738,95.3
1810.0529,-2168.4727,13.3743,88.8
1820.3468,-2168.4924,13.3744,93.4
1830.6603,-2168.5100,13.3744,92.2
1840.9509,-2168.5276,13.3744,94.4
1851.0120,-2168.5452,13.3731,94.3
1860.6733,-2168.5627,13.3724,86.3
1870.3337,-2168.2700,13.3744,84.4
1880.2325,-2167.4521,13.3752,88.9
1890.4063,-2166.5596,13.3757,94.4
1900.6393,-2165.6814,13.3747,91.6
1910.5331,-2164.4761,13.3727,87.8
1919.7328,-2161.7451,13.3860,87.0
1927.9358,-2157.4844,13.5140,81.7
1935.4094,-2152.6853,13.5417,84.1
1941.5769,-2146.8188,13.5498,78.0
1946.6997,-2140.3835,13.5464,73.6
1951.5509,-2133.9363,13.5386,70.8
1960.9691,-2121.5327,13.3778,69.6
1972.3640,-2111.8601,13.3681,70.3
1987.2268,-2107.8821,13.3298,71.2
1995.2455,-2108.0063,13.3386,78.1
2003.5626,-2108.3279,13.3874,79.3
2012.6401,-2108.6455,13.4047,80.0
2021.5796,-2108.9253,13.3974,78.4
2030.7872,-2109.2231,13.3806,81.0
2040.2838,-2109.5361,13.3641,83.2
2050.0449,-2109.8474,13.3653,87.8
2059.8569,-2110.1814,13.3655,90.0
2069.3367,-2110.5200,13.3583,85.9
2078.4324,-2110.8225,13.3509,81.3
2087.1609,-2110.7041,13.3354,75.4
2095.4038,-2109.0811,13.3129,76.1
2103.0203,-2105.6897,13.3305,80.0
2109.5908,-2100.5806,13.5138,79.3
2115.8606,-2094.9712,13.5388,80.6
2121.9990,-2089.5979,13.5364,72.9
