X,Y,Z,Speed_kmh
2091.7344,-2092.1243,13.5384,0.0
2096.7664,-2085.1699,13.5383,36.8
2106.0447,-2087.4670,13.5337,36.1
2110.8699,-2094.8076,13.5396,38.4
2110.5449,-2103.0576,13.5345,27.9
2103.2473,-2107.3779,13.3219,38.4
2091.4807,-2108.7671,13.3243,53.6
2081.4795,-2108.7925,13.3503,61.9
2069.8242,-2108.6296,13.3767,70.3
2057.6433,-2108.5234,13.3609,75.3
2044.5796,-2108.2795,13.3420,79.9
2030.0817,-2108.5469,13.3832,84.6
2015.1285,-2108.7253,13.4051,89.0
1998.8933,-2108.9265,13.3735,90.3
1983.5135,-2109.0889,13.3560,87.4
1969.7731,-2112.3723,13.3713,78.8
1960.9926,-2121.2368,13.3706,69.8
1954.7377,-2131.6677,13.4739,70.1
1947.8962,-2142.1309,13.5456,73.3
1938.8209,-2150.7625,13.5475,77.3
1927.7075,-2157.9810,13.5363,79.2
1914.3304,-2162.4934,13.4406,82.8
1900.1980,-2165.3599,13.3747,85.7
1885.5028,-2166.3115,13.3750,90.2
1877.1849,-2166.7563,13.3751,92.5
1861.3562,-2166.2039,13.3745,95.6
1853.1202,-2165.7861,13.3747,97.1
1844.7577,-2165.4338,13.3748,98.5
1836.4548,-2165.4014,13.3746,99.8
1828.0902,-2165.5483,13.3747,101.2
1819.6696,-2165.5293,13.3748,102.4
1810.6605,-2165.2263,13.3746,103.8
1801.9408,-2165.0017,13.3748,105.1
1792.5908,-2164.8853,13.3748,106.4
1783.2109,-2164.7803,13.3749,107.7
1773.8342,-2164.7878,13.3748,108.9
1764.1831,-2164.9082,13.3748,110.2
1754.8605,-2164.9709,13.3748,111.3
1745.2053,-2165.0095,13.3749,112.5
1735.6216,-2165.0479,13.5869,113.1
1725.6145,-2165.0918,13.9413,113.6
1715.5239,-2165.1345,14.5318,113.3
1705.6616,-2165.1755,15.2669,112.9
1696.3453,-2165.2151,16.1042,112.1
1686.1357,-2165.2588,17.1386,111.1
1677.0624,-2165.0313,18.1213,109.8
1667.6508,-2164.4680,19.1966,108.6
1658.4377,-2163.8521,20.2981,107.2
1649.4510,-2162.4253,21.4671,105.5
1640.7748,-2160.3374,22.6232,104.0
1632.6755,-2158.2720,23.7568,102.4
1616.9257,-2151.9890,26.0417,99.2
1609.2551,-2147.8643,27.2135,96.9
1596.6044,-2138.3435,29.2148,94.5
1590.3196,-2133.3694,30.1911,93.3
1578.6594,-2123.1470,31.7937,92.0
1567.7694,-2111.9636,33.0098,91.1
1558.1765,-2099.3428,33.7779,91.5
1549.9929,-2086.1816,34.0126,93.8
1546.2286,-2078.7256,33.7635,95.5
1542.8335,-2071.1506,33.5195,97.5
1539.6261,-2062.7805,32.9061,100.0
1537.1432,-2054.6277,32.3095,102.8
1535.2253,-2046.1974,31.4880,105.4
1533.8973,-2037.5389,30.5788,108.7
1532.5013,-2028.0623,29.4865,112.3
1531.1542,-2018.2640,28.2468,115.8
1530.6774,-2008.2778,26.9235,119.5
1530.4475,-1998.0508,25.4461,123.0
1530.1334,-1987.7551,23.9712,124.5
1529.7128,-1977.0068,22.5583,122.7
1529.4385,-1966.0842,21.3327,120.3
1529.2253,-1956.2252,20.0951,118.3
1529.0033,-1946.3492,18.7443,116.6
1528.7788,-1936.6208,17.4634,111.8
1528.6750,-1921.3029,15.5058,90.0
1528.6128,-1907.8489,14.3524,74.9
1528.5514,-1895.6064,13.8872,68.8
1527.2531,-1883.9075,13.4305,69.3
1520.3517,-1874.6898,13.3703,67.3
1510.0322,-1870.0262,13.3744,70.3
1498.5658,-1869.3022,13.3720,71.5
1486.2882,-1870.7129,13.3749,76.2
1471.9955,-1872.0835,13.3750,80.7
1457.7258,-1872.1252,13.3750,85.4
1442.6888,-1872.3905,13.3751,89.8
1427.9688,-1872.5367,13.3751,93.7
1419.6062,-1872.5182,13.3748,95.2
1411.1428,-1872.4867,13.3748,96.7
1402.5822,-1872.2000,13.3746,98.1
1393.6802,-1871.5228,13.3746,99.6
1384.9034,-1870.8284,13.3748,101.0
1376.2751,-1869.8015,13.3746,101.9
1367.7235,-1867.2688,13.3721,102.5
1359.3092,-1863.6816,13.3740,103.8
1350.8711,-1859.9806,13.3747,105.2
1342.0082,-1856.3784,13.3746,106.3
1333.2732,-1854.2744,13.3727,106.4
1323.8453,-1853.8533,13.3719,107.0
1314.9165,-1854.1183,13.3745,108.2
1305.2306,-1854.1836,13.3744,109.4
1295.6293,-1854.1614,13.3748,110.7
1286.1389,-1854.1530,13.3748,111.8
1277.2299,-1854.1606,13.3749,112.9
1267.2327,-1854.1544,13.3748,114.1
1256.8264,-1854.0649,13.3748,115.2
1247.0128,-1853.9700,13.3749,116.3
1237.0938,-1853.8751,13.3749,117.4
1227.2151,-1853.7295,13.3748,118.4
1216.9792,-1853.5657,13.3749,119.4
1206.9313,-1853.4048,13.3749,120.4
1196.2975,-1853.2363,13.3826,121.4
1185.6403,-1853.0674,13.3919,122.3
1175.4658,-1852.9055,13.3905,122.8
1164.8549,-1852.7369,13.3893,120.0
1154.9221,-1852.5789,13.3795,115.4
1144.9900,-1852.4210,13.3728,110.9
1135.8455,-1852.2760,13.3725,106.5
1127.0635,-1852.1364,13.3724,102.1
1118.4117,-1851.9988,13.3735,102.3
1109.9673,-1851.8645,13.3733,98.3
1094.2249,-1850.4568,13.3714,89.7
1080.9792,-1844.0851,13.5082,82.3
1069.9816,-1835.3400,13.5866,84.0
1058.3571,-1825.3699,13.6901,88.0
1047.0068,-1815.6436,13.5746,91.4
1034.5923,-1805.7579,13.6823,93.7
1027.3926,-1801.8683,13.7546,95.0
1012.5350,-1794.8710,13.9625,97.0
1004.4830,-1791.8719,14.0352,98.1
996.1427,-1789.3485,14.0586,99.5
987.4348,-1786.7499,14.0702,100.9
979.0973,-1784.4338,14.0828,102.0
970.2868,-1782.5858,14.0955,103.4
961.3497,-1780.7896,14.1094,104.7
952.1790,-1778.9230,14.0329,105.0
943.0193,-1777.0481,13.7799,106.8
933.4353,-1775.4872,13.5339,108.4
924.2449,-1774.6158,13.3552,110.0
915.1410,-1773.8032,13.3732,111.1
905.4916,-1772.9447,13.3748,112.2
895.5187,-1772.4799,13.3745,113.4
885.7081,-1772.1230,13.3748,114.5
876.1418,-1771.7057,13.3748,115.6
865.8861,-1771.2303,13.3749,116.7
856.4194,-1770.7936,13.3749,117.7
847.1733,-1770.3718,13.3772,118.6
836.2726,-1769.8750,13.3828,119.7
825.7284,-1769.3923,13.3878,120.7
814.9971,-1768.9011,13.3909,121.7
804.3091,-1768.4050,13.4179,122.6
793.9301,-1767.9183,13.3344,122.8
783.7650,-1767.4553,13.1027,121.6
773.7360,-1766.7898,12.8958,120.9
763.1837,-1765.9569,12.8264,122.0
753.1022,-1764.3102,12.8162,122.7
742.8691,-1762.0691,13.2640,122.0
732.7678,-1759.3809,14.2040,121.0
722.9443,-1756.6547,14.5182,118.9
713.4180,-1753.8912,14.4531,114.2
704.1807,-1751.1855,13.9205,111.4
695.1638,-1749.0404,13.3486,108.3
686.4883,-1746.9868,13.2511,103.6
677.9006,-1744.3394,13.3645,101.3
669.9172,-1741.7732,13.4431,96.8
655.2808,-1737.1085,13.4700,88.2
642.7619,-1730.2665,13.6884,78.9
636.0978,-1718.7854,13.9716,76.8
633.9481,-1706.9331,14.4869,73.0
629.7588,-1695.3512,15.1459,74.3
623.6584,-1685.1891,15.5898,66.1
613.5073,-1679.9387,16.0580,67.2
601.8027,-1677.4252,15.9373,72.8
589.2621,-1675.4110,16.3679,76.1
576.6589,-1673.0289,17.2528,78.0
563.1223,-1670.4752,18.1108,80.2
550.4174,-1667.2073,18.5358,73.4
541.4166,-1659.4406,18.5180,64.5
538.2792,-1648.6416,17.9578,70.1
537.3044,-1636.1803,17.1929,77.1
535.9464,-1622.5197,16.5696,82.8
531.8943,-1608.1161,16.1225,87.5
525.3551,-1593.9808,15.9986,92.0
517.2902,-1581.0768,15.9846,94.9
512.4905,-1574.3977,16.0362,96.2
507.6749,-1567.7258,16.2474,97.0
502.7320,-1560.8738,16.6174,97.4
498.5366,-1553.8505,17.2616,96.8
491.4973,-1539.5923,18.7392,95.4
488.9681,-1531.5663,19.4554,94.3
486.3965,-1516.7100,20.2613,86.7
486.4059,-1501.2317,20.3567,84.8
487.8186,-1487.6071,19.9064,78.4
490.9016,-1475.3462,19.1042,73.2
494.9687,-1463.9060,17.9283,69.5
501.1609,-1453.5471,16.2930,72.7
509.0145,-1442.9471,14.7593,80.6
514.7851,-1431.0173,15.8261,80.0
519.4592,-1417.2197,15.9556,82.8
520.9355,-1402.9860,15.8695,85.7
519.1779,-1387.9088,15.8368,88.5
515.5058,-1373.3007,15.9595,92.2
509.9150,-1358.2257,15.9527,95.4
503.6698,-1343.7397,15.9507,86.7
497.4429,-1330.7583,15.8585,85.4
491.3120,-1317.9075,15.6472,78.2
488.9557,-1305.6659,15.5733,69.9
492.1828,-1293.9952,15.5482,71.0
499.3641,-1284.3234,15.6630,72.7
508.3011,-1275.5087,15.8251,75.8
518.8825,-1267.8656,16.0236,77.5
530.1229,-1259.7975,16.2814,81.5
542.0211,-1252.1754,16.5878,85.1
554.6821,-1244.6620,16.9437,88.1
568.2455,-1238.4043,17.2941,91.4
583.4880,-1232.2506,17.6134,94.4
591.2663,-1229.1089,17.7657,95.6
599.1325,-1225.9316,17.9127,96.7
606.7637,-1222.8512,18.0558,97.8
614.4012,-1219.7681,18.1098,99.0
622.2924,-1216.5813,18.1017,100.4
630.2429,-1213.3713,18.1014,101.8
638.0523,-1210.0383,18.1013,102.8
645.6447,-1205.7805,18.1003,103.9
653.6216,-1200.6548,18.0503,105.0
660.2347,-1194.8989,17.7859,105.9
666.5659,-1187.9958,16.8640,108.3
672.2071,-1180.7672,15.7733,111.2
677.6951,-1172.5266,15.1913,113.7
682.7144,-1163.6884,15.1746,114.4
687.1684,-1155.1996,15.3409,115.2
691.8149,-1146.4258,15.6792,115.3
696.8449,-1137.7043,16.3025,115.2
701.9450,-1129.0004,16.9018,115.0
706.7933,-1120.7144,17.6172,114.5
712.0300,-1112.2168,18.3945,113.9
717.4957,-1104.0643,19.1672,113.3
722.8168,-1096.1936,20.0390,112.5
728.2010,-1088.5651,20.9052,111.5
734.4611,-1080.7938,21.8191,110.7
740.5226,-1073.7686,22.6927,105.5
747.0189,-1068.2935,23.4019,100.1
754.1971,-1063.6525,23.8210,95.7
768.3312,-1057.9142,24.4202,86.6
782.2905,-1053.9734,24.5362,88.4
797.6310,-1049.7262,24.8135,92.2
812.6622,-1043.9657,24.9335,94.3
819.9891,-1040.2550,24.9621,95.7
826.8105,-1035.7856,24.9836,92.6
837.7784,-1025.1493,26.3555,91.0
847.1597,-1013.3897,28.9793,86.8
856.7925,-1002.7189,32.1316,77.6
864.9100,-994.2780,34.2695,66.2
872.1896,-986.7678,35.2921,57.8
878.6115,-980.5889,36.2042,49.6
886.5728,-972.1600,36.8327,41.9
895.7310,-970.2917,37.5639,41.7
903.7867,-970.1625,37.8969,51.7
913.2162,-969.9327,38.0406,57.3
923.6348,-969.6412,38.1711,65.4
935.7857,-968.8163,38.3218,72.4
947.7348,-967.5721,38.5744,76.1
961.5110,-966.4250,38.8772,80.0
975.5779,-965.2697,39.4083,83.2
990.0120,-964.0065,40.2133,85.3
1004.5668,-962.7747,41.4614,86.4
1019.6539,-961.5289,42.2102,88.9
1034.8146,-960.2634,42.4740,92.4
1042.8842,-959.5939,42.5878,94.0
1051.3971,-958.8865,42.5871,95.5
1067.6398,-957.5370,42.5858,98.3
1075.9343,-956.8310,42.5651,99.7
1084.6394,-955.7601,42.4339,101.3
1093.5830,-954.5568,42.4516,102.6
1102.6276,-953.3785,42.5206,103.9
1111.6951,-952.2444,42.5935,105.0
1121.0015,-951.2380,42.5967,106.4
1130.2012,-950.2590,42.5944,107.6
1139.3862,-949.4218,42.6020,108.8
1148.3741,-948.6349,42.7262,109.7
1157.9182,-947.4245,42.9530,110.3
1167.0684,-946.2001,42.9705,111.2
1176.8713,-945.0712,42.7429,112.4
1186.3107,-943.9147,42.7502,113.5
1195.4830,-942.7827,42.7342,114.6
1205.7998,-941.1476,42.7224,115.7
1215.1705,-939.5702,42.6792,116.9
1224.8335,-937.9438,42.5877,118.1
1234.6228,-936.3200,42.5023,119.2
1244.9174,-934.6262,42.5315,120.2
1254.8826,-932.9857,42.5746,121.0
1264.8440,-931.3680,42.4288,118.9
1275.2544,-930.0458,42.0729,114.7
1284.8696,-928.9359,41.6276,111.2
1294.1099,-928.0287,40.3717,111.5
1303.2039,-927.4156,39.2645,109.8
1312.3307,-927.1507,38.3123,107.5
1321.4260,-927.5929,37.3980,105.2
1330.0249,-928.0635,36.4666,100.6
1337.9565,-928.9415,35.5912,85.8
1352.0148,-932.7753,34.4636,80.6
1361.2706,-941.7368,34.1727,72.2
1362.6787,-953.0399,34.1820,65.6
1359.9650,-964.6858,33.4825,74.2
1356.8605,-978.1364,31.1472,84.7
1354.9210,-993.9149,28.4695,94.8
1354.7722,-1002.0930,27.5742,98.6
1354.6631,-1010.4103,26.8291,101.5
1354.5168,-1019.1468,26.5140,103.5
1354.3505,-1028.1754,26.3711,105.2
1354.2045,-1036.9111,26.0994,106.6
1353.7030,-1045.9110,26.3949,106.7
1352.6890,-1055.1536,26.6386,107.2
1351.6730,-1064.0900,26.3054,108.5
1350.5492,-1073.5767,25.3381,110.4
1349.3789,-1082.7297,24.5024,113.0
1348.0869,-1092.7988,24.0319,115.2
1346.8187,-1102.6471,23.8139,116.7
1345.5647,-1112.5203,23.7155,117.9
1344.8964,-1122.7274,23.6758,118.9
1344.4945,-1132.8090,23.6479,119.9
1344.1250,-1142.7461,23.6607,120.8
1344.1776,-1153.1586,23.6781,121.7
1344.2910,-1163.9961,23.7389,122.5
1344.3165,-1174.6111,23.5504,122.7
1344.3463,-1184.5148,22.2747,124.0
1344.3175,-1194.5695,19.7863,126.2
1344.0386,-1205.2412,17.8344,128.7
1343.7687,-1215.8523,15.8410,131.0
1343.6616,-1227.2308,14.0077,132.7
1343.6219,-1238.7548,13.4946,131.0
1343.5378,-1249.7311,13.3919,129.6
1343.5215,-1260.5669,13.3676,128.1
1343.5281,-1271.1229,13.3737,126.5
1343.5168,-1282.1158,13.3905,124.8
1343.5345,-1293.0547,13.6254,122.7
1343.4592,-1303.7762,13.5190,122.7
1343.2645,-1314.5037,13.3801,122.7
1343.0405,-1324.8448,13.3715,122.7
1342.8274,-1334.4620,13.3744,122.7
1342.5773,-1345.2092,13.3745,122.7
1342.3457,-1355.8231,13.3745,122.8
1342.1185,-1366.5690,13.3970,122.8
1341.9562,-1376.6742,13.4636,122.7
1341.8474,-1386.8521,13.4999,122.7
1341.7375,-1397.4750,13.3363,122.7
1341.6305,-1407.4731,13.3130,122.7
1341.5172,-1417.3866,13.3758,122.7
1340.7310,-1428.1465,13.3748,122.7
1339.6329,-1438.4365,13.3743,122.7
1337.9041,-1448.9358,13.3741,122.8
1335.2954,-1459.4037,13.3739,122.8
1332.5469,-1470.0577,13.3745,122.7
1329.9830,-1480.0408,13.3744,122.8
1327.2638,-1490.1194,13.3744,122.7
1324.8828,-1500.0651,13.3744,122.8
1322.4294,-1510.8966,13.5441,122.3
1320.4319,-1520.5052,13.3931,122.6
1318.1204,-1531.1696,13.3730,122.8
1316.2275,-1541.4950,13.3735,119.3
1315.0167,-1551.3087,13.3723,114.5
1314.1938,-1560.8220,13.3726,110.0
1313.6234,-1570.0957,13.3725,105.2
1313.6234,-1579.3055,13.3726,100.6
1313.7319,-1587.6396,13.3725,96.4
1313.6984,-1595.7207,13.3724,92.1
1313.5513,-1611.3938,13.3747,92.9
1313.4181,-1627.4354,13.3748,95.9
1313.3489,-1635.4918,13.3748,97.3
1313.2756,-1644.0039,13.3743,97.3
1313.2021,-1652.6492,13.3747,98.8
1313.1315,-1660.9514,13.3748,100.2
1313.0121,-1669.9198,13.3741,97.9
1312.6705,-1678.2638,13.3727,93.6
1311.8037,-1693.3450,13.3725,85.0
1310.8474,-1705.9098,13.3689,67.0
1312.1637,-1716.8680,13.3723,60.0
1317.7396,-1725.3810,13.3816,60.4
1326.8220,-1731.8357,13.3703,62.1
1337.0829,-1733.2975,13.3737,62.6
1348.6101,-1733.8263,13.3757,71.1
1361.1267,-1733.5613,13.3749,75.6
1374.7150,-1733.1134,13.3751,80.4
1388.9828,-1732.8684,13.3749,85.0
1403.9503,-1732.8661,13.3751,89.5
1420.0714,-1732.8525,13.3751,93.8
1436.7765,-1732.9375,13.3747,96.8
1445.0715,-1733.0820,13.3748,98.2
1453.5730,-1733.0288,13.3747,99.6
1462.0349,-1732.8674,13.3748,100.9
1470.7448,-1732.6996,13.3748,102.3
1479.6019,-1732.7400,13.3746,103.6
1488.7891,-1732.8597,13.3748,105.0
1498.1030,-1732.9780,13.3749,106.3
1506.9663,-1733.0842,13.3749,107.5
1517.2163,-1733.1421,13.3748,108.9
1526.6016,-1733.1592,13.3748,110.1
1536.3760,-1733.1760,13.3749,111.3
1545.7113,-1733.1823,13.3749,112.5
1555.6400,-1733.0961,13.3748,113.6
1565.2281,-1732.9958,13.3748,114.7
1574.8311,-1732.8972,13.3748,115.8
1585.0369,-1732.7946,13.3749,116.9
1595.5574,-1732.6885,13.3749,118.0
1605.7556,-1732.5851,13.3749,119.0
1616.2549,-1732.4783,13.3749,120.0
1626.8478,-1732.3710,13.3749,121.0
1637.0323,-1732.2675,13.3749,122.0
1647.6671,-1732.1598,13.3749,122.9
1658.1097,-1732.0541,13.3746,122.8
1668.8451,-1731.9451,13.3745,122.7
1679.8048,-1731.8356,13.3761,122.7
1690.0111,-1731.7440,13.3769,122.7
1700.1797,-1731.6542,13.3741,122.8
1710.5759,-1731.6393,13.3745,122.7
1720.9902,-1731.6493,13.3748,122.7
1731.4823,-1731.6754,13.3789,122.7
1741.7721,-1731.7441,13.3817,122.7
1752.6057,-1731.8219,13.3765,119.3
1762.0958,-1731.8900,13.3723,114.7
1772.0372,-1731.9604,13.3723,107.4
1780.0842,-1732.0176,13.3671,87.1
1794.0385,-1732.1168,13.3686,63.9
1804.1046,-1732.4739,13.3724,57.3
1813.1086,-1736.1375,13.3735,57.4
1820.6644,-1742.5261,13.3737,60.8
1829.1425,-1749.0386,13.3717,61.0
1839.2601,-1751.1632,13.3747,65.4
1851.0972,-1752.2045,13.3754,72.5
1864.2131,-1751.8745,13.3746,77.1
1877.8351,-1751.1067,13.3749,81.7
1891.7928,-1750.5906,13.3751,86.1
1907.0050,-1750.1400,13.3751,90.6
1922.3826,-1750.4070,13.3748,94.2
1930.4758,-1750.3669,13.3741,92.3
1938.6584,-1750.2626,13.3725,87.9
1951.0688,-1752.3087,13.3685,67.7
1958.4933,-1759.9288,13.3699,60.9
1960.2825,-1770.3151,13.3745,65.0
1960.8479,-1781.7570,13.3757,71.6
1960.6068,-1793.9564,13.3750,74.7
1960.1222,-1807.5820,13.3752,78.1
1959.8241,-1821.0355,13.3751,81.1
1959.8198,-1835.4658,13.3749,83.8
1959.9449,-1850.1034,13.3750,86.4
1959.8514,-1865.1470,13.3752,88.8
1959.7720,-1880.7596,13.3752,91.1
1959.6879,-1896.4736,13.3753,93.2
1959.6025,-1912.7083,13.3750,93.9
1959.5170,-1928.8734,13.3750,94.4
1959.4728,-1937.1746,13.3750,94.7
1959.3848,-1953.5897,13.7520,94.0
1959.2992,-1969.4785,13.4490,95.2
1959.3132,-1985.6951,13.3746,95.7
1959.3546,-1993.9044,13.3749,95.9
1959.3934,-2001.9442,13.3750,96.1
1959.4681,-2017.7371,13.3740,92.1
1959.5067,-2025.7936,13.3737,91.2
1959.5837,-2041.8954,13.3749,91.9
1959.6238,-2050.2490,13.3749,92.3
1959.6329,-2066.2324,13.3749,93.0
1959.4735,-2081.3359,13.3721,78.0
1961.4337,-2092.3977,13.3698,59.0
1966.4492,-2101.2246,13.3940,60.8
1974.8363,-2107.7112,13.3912,65.6
1985.4481,-2110.6804,13.3562,68.7
1997.5527,-2111.1492,13.3612,74.6
2010.6078,-2110.9673,13.3941,79.1
2024.4181,-2110.8806,13.3717,83.7
2039.4001,-2110.9883,13.3661,88.3
2055.5234,-2111.2290,13.3703,92.8
2063.5664,-2111.3745,13.3472,94.5
2079.7749,-2111.6538,13.3391,97.4
2088.1731,-2111.3049,13.3306,96.9
2102.9263,-2106.0127,13.3087,91.7
2114.5039,-2095.5071,13.5383,94.3
2119.9587,-2089.4084,13.5382,92.7
2125.5469,-2082.4321,13.7776,0.0
